-10.000000 	 0.999831 
-9.990000 	 0.999829 
-9.980000 	 0.999828 
-9.970000 	 0.999827 
-9.960000 	 0.999825 
-9.950000 	 0.999824 
-9.940000 	 0.999822 
-9.930000 	 0.999821 
-9.920000 	 0.999820 
-9.910000 	 0.999818 
-9.900000 	 0.999817 
-9.890000 	 0.999815 
-9.880000 	 0.999814 
-9.870000 	 0.999812 
-9.860000 	 0.999811 
-9.850000 	 0.999809 
-9.840000 	 0.999808 
-9.830000 	 0.999806 
-9.820000 	 0.999805 
-9.810000 	 0.999803 
-9.800000 	 0.999801 
-9.790000 	 0.999800 
-9.780000 	 0.999798 
-9.770000 	 0.999797 
-9.760000 	 0.999795 
-9.750000 	 0.999793 
-9.740000 	 0.999792 
-9.730000 	 0.999790 
-9.720000 	 0.999788 
-9.710000 	 0.999787 
-9.700000 	 0.999785 
-9.690000 	 0.999783 
-9.680000 	 0.999781 
-9.670000 	 0.999780 
-9.660000 	 0.999778 
-9.650000 	 0.999776 
-9.640000 	 0.999774 
-9.630000 	 0.999772 
-9.620000 	 0.999771 
-9.610000 	 0.999769 
-9.600000 	 0.999767 
-9.590000 	 0.999765 
-9.580000 	 0.999763 
-9.570000 	 0.999761 
-9.560000 	 0.999759 
-9.550000 	 0.999757 
-9.540000 	 0.999756 
-9.530000 	 0.999754 
-9.520000 	 0.999752 
-9.510000 	 0.999750 
-9.500000 	 0.999748 
-9.490000 	 0.999746 
-9.480000 	 0.999743 
-9.470000 	 0.999741 
-9.460000 	 0.999739 
-9.450000 	 0.999737 
-9.440000 	 0.999735 
-9.430000 	 0.999733 
-9.420000 	 0.999731 
-9.410000 	 0.999729 
-9.400000 	 0.999727 
-9.390000 	 0.999724 
-9.380000 	 0.999722 
-9.370000 	 0.999720 
-9.360000 	 0.999718 
-9.350000 	 0.999715 
-9.340000 	 0.999713 
-9.330000 	 0.999711 
-9.320000 	 0.999708 
-9.310000 	 0.999706 
-9.300000 	 0.999704 
-9.290000 	 0.999701 
-9.280000 	 0.999699 
-9.270000 	 0.999697 
-9.260000 	 0.999694 
-9.250000 	 0.999692 
-9.240000 	 0.999689 
-9.230000 	 0.999687 
-9.220000 	 0.999684 
-9.210000 	 0.999682 
-9.200000 	 0.999679 
-9.190000 	 0.999677 
-9.180000 	 0.999674 
-9.170000 	 0.999671 
-9.160000 	 0.999669 
-9.150000 	 0.999666 
-9.140000 	 0.999663 
-9.130000 	 0.999661 
-9.120000 	 0.999658 
-9.110000 	 0.999655 
-9.100000 	 0.999652 
-9.090000 	 0.999650 
-9.080000 	 0.999647 
-9.070000 	 0.999644 
-9.060000 	 0.999641 
-9.050000 	 0.999638 
-9.040000 	 0.999635 
-9.030000 	 0.999632 
-9.020000 	 0.999629 
-9.010000 	 0.999626 
-9.000000 	 0.999623 
-8.990000 	 0.999620 
-8.980000 	 0.999617 
-8.970000 	 0.999614 
-8.960000 	 0.999611 
-8.950000 	 0.999608 
-8.940000 	 0.999605 
-8.930000 	 0.999602 
-8.920000 	 0.999599 
-8.910000 	 0.999595 
-8.900000 	 0.999592 
-8.890000 	 0.999589 
-8.880000 	 0.999585 
-8.870000 	 0.999582 
-8.860000 	 0.999579 
-8.850000 	 0.999575 
-8.840000 	 0.999572 
-8.830000 	 0.999569 
-8.820000 	 0.999565 
-8.810000 	 0.999562 
-8.800000 	 0.999558 
-8.790000 	 0.999555 
-8.780000 	 0.999551 
-8.770000 	 0.999547 
-8.760000 	 0.999544 
-8.750000 	 0.999540 
-8.740000 	 0.999536 
-8.730000 	 0.999533 
-8.720000 	 0.999529 
-8.710000 	 0.999525 
-8.700000 	 0.999521 
-8.690000 	 0.999517 
-8.680000 	 0.999514 
-8.670000 	 0.999510 
-8.660000 	 0.999506 
-8.650000 	 0.999502 
-8.640000 	 0.999498 
-8.630000 	 0.999494 
-8.620000 	 0.999490 
-8.610000 	 0.999486 
-8.600000 	 0.999481 
-8.590000 	 0.999477 
-8.580000 	 0.999473 
-8.570000 	 0.999469 
-8.560000 	 0.999465 
-8.550000 	 0.999460 
-8.540000 	 0.999456 
-8.530000 	 0.999452 
-8.520000 	 0.999447 
-8.510000 	 0.999443 
-8.500000 	 0.999438 
-8.490000 	 0.999434 
-8.480000 	 0.999429 
-8.470000 	 0.999425 
-8.460000 	 0.999420 
-8.450000 	 0.999415 
-8.440000 	 0.999411 
-8.430000 	 0.999406 
-8.420000 	 0.999401 
-8.410000 	 0.999396 
-8.400000 	 0.999391 
-8.390000 	 0.999387 
-8.380000 	 0.999382 
-8.370000 	 0.999377 
-8.360000 	 0.999372 
-8.350000 	 0.999367 
-8.340000 	 0.999361 
-8.330000 	 0.999356 
-8.320000 	 0.999351 
-8.310000 	 0.999346 
-8.300000 	 0.999341 
-8.290000 	 0.999335 
-8.280000 	 0.999330 
-8.270000 	 0.999325 
-8.260000 	 0.999319 
-8.250000 	 0.999314 
-8.240000 	 0.999308 
-8.230000 	 0.999303 
-8.220000 	 0.999297 
-8.210000 	 0.999291 
-8.200000 	 0.999286 
-8.190000 	 0.999280 
-8.180000 	 0.999274 
-8.170000 	 0.999268 
-8.160000 	 0.999263 
-8.150000 	 0.999257 
-8.140000 	 0.999251 
-8.130000 	 0.999245 
-8.120000 	 0.999239 
-8.110000 	 0.999232 
-8.100000 	 0.999226 
-8.090000 	 0.999220 
-8.080000 	 0.999214 
-8.070000 	 0.999208 
-8.060000 	 0.999201 
-8.050000 	 0.999195 
-8.040000 	 0.999188 
-8.030000 	 0.999182 
-8.020000 	 0.999175 
-8.010000 	 0.999169 
-8.000000 	 0.999162 
-7.990000 	 0.999155 
-7.980000 	 0.999148 
-7.970000 	 0.999142 
-7.960000 	 0.999135 
-7.950000 	 0.999128 
-7.940000 	 0.999121 
-7.930000 	 0.999114 
-7.920000 	 0.999106 
-7.910000 	 0.999099 
-7.900000 	 0.999092 
-7.890000 	 0.999085 
-7.880000 	 0.999077 
-7.870000 	 0.999070 
-7.860000 	 0.999063 
-7.850000 	 0.999055 
-7.840000 	 0.999047 
-7.830000 	 0.999040 
-7.820000 	 0.999032 
-7.810000 	 0.999024 
-7.800000 	 0.999016 
-7.790000 	 0.999009 
-7.780000 	 0.999001 
-7.770000 	 0.998993 
-7.760000 	 0.998984 
-7.750000 	 0.998976 
-7.740000 	 0.998968 
-7.730000 	 0.998960 
-7.720000 	 0.998951 
-7.710000 	 0.998943 
-7.700000 	 0.998935 
-7.690000 	 0.998926 
-7.680000 	 0.998917 
-7.670000 	 0.998909 
-7.660000 	 0.998900 
-7.650000 	 0.998891 
-7.640000 	 0.998882 
-7.630000 	 0.998873 
-7.620000 	 0.998864 
-7.610000 	 0.998855 
-7.600000 	 0.998846 
-7.590000 	 0.998837 
-7.580000 	 0.998827 
-7.570000 	 0.998818 
-7.560000 	 0.998808 
-7.550000 	 0.998799 
-7.540000 	 0.998789 
-7.530000 	 0.998779 
-7.520000 	 0.998770 
-7.510000 	 0.998760 
-7.500000 	 0.998750 
-7.490000 	 0.998740 
-7.480000 	 0.998729 
-7.470000 	 0.998719 
-7.460000 	 0.998709 
-7.450000 	 0.998699 
-7.440000 	 0.998688 
-7.430000 	 0.998678 
-7.420000 	 0.998667 
-7.410000 	 0.998656 
-7.400000 	 0.998646 
-7.390000 	 0.998635 
-7.380000 	 0.998624 
-7.370000 	 0.998613 
-7.360000 	 0.998601 
-7.350000 	 0.998590 
-7.340000 	 0.998579 
-7.330000 	 0.998568 
-7.320000 	 0.998556 
-7.310000 	 0.998544 
-7.300000 	 0.998533 
-7.290000 	 0.998521 
-7.280000 	 0.998509 
-7.270000 	 0.998497 
-7.260000 	 0.998485 
-7.250000 	 0.998473 
-7.240000 	 0.998461 
-7.230000 	 0.998448 
-7.220000 	 0.998436 
-7.210000 	 0.998423 
-7.200000 	 0.998410 
-7.190000 	 0.998398 
-7.180000 	 0.998385 
-7.170000 	 0.998372 
-7.160000 	 0.998359 
-7.150000 	 0.998346 
-7.140000 	 0.998332 
-7.130000 	 0.998319 
-7.120000 	 0.998305 
-7.110000 	 0.998292 
-7.100000 	 0.998278 
-7.090000 	 0.998264 
-7.080000 	 0.998250 
-7.070000 	 0.998236 
-7.060000 	 0.998222 
-7.050000 	 0.998208 
-7.040000 	 0.998193 
-7.030000 	 0.998179 
-7.020000 	 0.998164 
-7.010000 	 0.998150 
-7.000000 	 0.998135 
-6.990000 	 0.998120 
-6.980000 	 0.998105 
-6.970000 	 0.998089 
-6.960000 	 0.998074 
-6.950000 	 0.998059 
-6.940000 	 0.998043 
-6.930000 	 0.998027 
-6.920000 	 0.998011 
-6.910000 	 0.997995 
-6.900000 	 0.997979 
-6.890000 	 0.997963 
-6.880000 	 0.997947 
-6.870000 	 0.997930 
-6.860000 	 0.997914 
-6.850000 	 0.997897 
-6.840000 	 0.997880 
-6.830000 	 0.997863 
-6.820000 	 0.997846 
-6.810000 	 0.997828 
-6.800000 	 0.997811 
-6.790000 	 0.997793 
-6.780000 	 0.997776 
-6.770000 	 0.997758 
-6.760000 	 0.997740 
-6.750000 	 0.997722 
-6.740000 	 0.997703 
-6.730000 	 0.997685 
-6.720000 	 0.997666 
-6.710000 	 0.997648 
-6.700000 	 0.997629 
-6.690000 	 0.997610 
-6.680000 	 0.997590 
-6.670000 	 0.997571 
-6.660000 	 0.997552 
-6.650000 	 0.997532 
-6.640000 	 0.997512 
-6.630000 	 0.997492 
-6.620000 	 0.997472 
-6.610000 	 0.997452 
-6.600000 	 0.997431 
-6.590000 	 0.997411 
-6.580000 	 0.997390 
-6.570000 	 0.997369 
-6.560000 	 0.997348 
-6.550000 	 0.997326 
-6.540000 	 0.997305 
-6.530000 	 0.997283 
-6.520000 	 0.997261 
-6.510000 	 0.997239 
-6.500000 	 0.997217 
-6.490000 	 0.997195 
-6.480000 	 0.997172 
-6.470000 	 0.997150 
-6.460000 	 0.997127 
-6.450000 	 0.997104 
-6.440000 	 0.997080 
-6.430000 	 0.997057 
-6.420000 	 0.997033 
-6.410000 	 0.997010 
-6.400000 	 0.996986 
-6.390000 	 0.996961 
-6.380000 	 0.996937 
-6.370000 	 0.996912 
-6.360000 	 0.996888 
-6.350000 	 0.996863 
-6.340000 	 0.996837 
-6.330000 	 0.996812 
-6.320000 	 0.996786 
-6.310000 	 0.996760 
-6.300000 	 0.996734 
-6.290000 	 0.996708 
-6.280000 	 0.996682 
-6.270000 	 0.996655 
-6.260000 	 0.996628 
-6.250000 	 0.996601 
-6.240000 	 0.996574 
-6.230000 	 0.996546 
-6.220000 	 0.996519 
-6.210000 	 0.996491 
-6.200000 	 0.996463 
-6.190000 	 0.996434 
-6.180000 	 0.996405 
-6.170000 	 0.996377 
-6.160000 	 0.996347 
-6.150000 	 0.996318 
-6.140000 	 0.996289 
-6.130000 	 0.996259 
-6.120000 	 0.996229 
-6.110000 	 0.996198 
-6.100000 	 0.996168 
-6.090000 	 0.996137 
-6.080000 	 0.996106 
-6.070000 	 0.996075 
-6.060000 	 0.996043 
-6.050000 	 0.996011 
-6.040000 	 0.995979 
-6.030000 	 0.995947 
-6.020000 	 0.995915 
-6.010000 	 0.995882 
-6.000000 	 0.995849 
-5.990000 	 0.995815 
-5.980000 	 0.995782 
-5.970000 	 0.995748 
-5.960000 	 0.995714 
-5.950000 	 0.995679 
-5.940000 	 0.995645 
-5.930000 	 0.995610 
-5.920000 	 0.995574 
-5.910000 	 0.995539 
-5.900000 	 0.995503 
-5.890000 	 0.995467 
-5.880000 	 0.995430 
-5.870000 	 0.995394 
-5.860000 	 0.995357 
-5.850000 	 0.995319 
-5.840000 	 0.995282 
-5.830000 	 0.995244 
-5.820000 	 0.995206 
-5.810000 	 0.995167 
-5.800000 	 0.995128 
-5.790000 	 0.995089 
-5.780000 	 0.995050 
-5.770000 	 0.995010 
-5.760000 	 0.994970 
-5.750000 	 0.994930 
-5.740000 	 0.994889 
-5.730000 	 0.994848 
-5.720000 	 0.994806 
-5.710000 	 0.994765 
-5.700000 	 0.994723 
-5.690000 	 0.994680 
-5.680000 	 0.994638 
-5.670000 	 0.994594 
-5.660000 	 0.994551 
-5.650000 	 0.994507 
-5.640000 	 0.994463 
-5.630000 	 0.994419 
-5.620000 	 0.994374 
-5.610000 	 0.994329 
-5.600000 	 0.994283 
-5.590000 	 0.994237 
-5.580000 	 0.994191 
-5.570000 	 0.994144 
-5.560000 	 0.994097 
-5.550000 	 0.994050 
-5.540000 	 0.994002 
-5.530000 	 0.993954 
-5.520000 	 0.993905 
-5.510000 	 0.993856 
-5.500000 	 0.993807 
-5.490000 	 0.993757 
-5.480000 	 0.993707 
-5.470000 	 0.993657 
-5.460000 	 0.993606 
-5.450000 	 0.993554 
-5.440000 	 0.993502 
-5.430000 	 0.993450 
-5.420000 	 0.993398 
-5.410000 	 0.993345 
-5.400000 	 0.993291 
-5.390000 	 0.993237 
-5.380000 	 0.993183 
-5.370000 	 0.993128 
-5.360000 	 0.993073 
-5.350000 	 0.993017 
-5.340000 	 0.992961 
-5.330000 	 0.992905 
-5.320000 	 0.992848 
-5.310000 	 0.992790 
-5.300000 	 0.992732 
-5.290000 	 0.992674 
-5.280000 	 0.992615 
-5.270000 	 0.992556 
-5.260000 	 0.992496 
-5.250000 	 0.992436 
-5.240000 	 0.992375 
-5.230000 	 0.992314 
-5.220000 	 0.992252 
-5.210000 	 0.992190 
-5.200000 	 0.992127 
-5.190000 	 0.992064 
-5.180000 	 0.992000 
-5.170000 	 0.991936 
-5.160000 	 0.991871 
-5.150000 	 0.991806 
-5.140000 	 0.991740 
-5.130000 	 0.991674 
-5.120000 	 0.991607 
-5.110000 	 0.991539 
-5.100000 	 0.991471 
-5.090000 	 0.991403 
-5.080000 	 0.991334 
-5.070000 	 0.991264 
-5.060000 	 0.991194 
-5.050000 	 0.991123 
-5.040000 	 0.991052 
-5.030000 	 0.990980 
-5.020000 	 0.990908 
-5.010000 	 0.990835 
-5.000000 	 0.990761 
-4.990000 	 0.990687 
-4.980000 	 0.990612 
-4.970000 	 0.990537 
-4.960000 	 0.990461 
-4.950000 	 0.990384 
-4.940000 	 0.990307 
-4.930000 	 0.990229 
-4.920000 	 0.990151 
-4.910000 	 0.990071 
-4.900000 	 0.989992 
-4.890000 	 0.989911 
-4.880000 	 0.989830 
-4.870000 	 0.989749 
-4.860000 	 0.989666 
-4.850000 	 0.989583 
-4.840000 	 0.989500 
-4.830000 	 0.989415 
-4.820000 	 0.989330 
-4.810000 	 0.989244 
-4.800000 	 0.989158 
-4.790000 	 0.989071 
-4.780000 	 0.988983 
-4.770000 	 0.988895 
-4.760000 	 0.988806 
-4.750000 	 0.988716 
-4.740000 	 0.988625 
-4.730000 	 0.988534 
-4.720000 	 0.988442 
-4.710000 	 0.988349 
-4.700000 	 0.988255 
-4.690000 	 0.988161 
-4.680000 	 0.988066 
-4.670000 	 0.987970 
-4.660000 	 0.987873 
-4.650000 	 0.987776 
-4.640000 	 0.987678 
-4.630000 	 0.987579 
-4.620000 	 0.987479 
-4.610000 	 0.987378 
-4.600000 	 0.987277 
-4.590000 	 0.987175 
-4.580000 	 0.987072 
-4.570000 	 0.986968 
-4.560000 	 0.986863 
-4.550000 	 0.986758 
-4.540000 	 0.986651 
-4.530000 	 0.986544 
-4.520000 	 0.986436 
-4.510000 	 0.986327 
-4.500000 	 0.986217 
-4.490000 	 0.986107 
-4.480000 	 0.985995 
-4.470000 	 0.985882 
-4.460000 	 0.985769 
-4.450000 	 0.985655 
-4.440000 	 0.985540 
-4.430000 	 0.985423 
-4.420000 	 0.985306 
-4.410000 	 0.985188 
-4.400000 	 0.985069 
-4.390000 	 0.984949 
-4.380000 	 0.984828 
-4.370000 	 0.984707 
-4.360000 	 0.984584 
-4.350000 	 0.984460 
-4.340000 	 0.984335 
-4.330000 	 0.984209 
-4.320000 	 0.984082 
-4.310000 	 0.983955 
-4.300000 	 0.983826 
-4.290000 	 0.983696 
-4.280000 	 0.983565 
-4.270000 	 0.983433 
-4.260000 	 0.983300 
-4.250000 	 0.983166 
-4.240000 	 0.983030 
-4.230000 	 0.982894 
-4.220000 	 0.982757 
-4.210000 	 0.982618 
-4.200000 	 0.982479 
-4.190000 	 0.982338 
-4.180000 	 0.982196 
-4.170000 	 0.982053 
-4.160000 	 0.981909 
-4.150000 	 0.981764 
-4.140000 	 0.981617 
-4.130000 	 0.981469 
-4.120000 	 0.981321 
-4.110000 	 0.981171 
-4.100000 	 0.981019 
-4.090000 	 0.980867 
-4.080000 	 0.980713 
-4.070000 	 0.980558 
-4.060000 	 0.980402 
-4.050000 	 0.980245 
-4.040000 	 0.980086 
-4.030000 	 0.979926 
-4.020000 	 0.979765 
-4.010000 	 0.979602 
-4.000000 	 0.979439 
-3.990000 	 0.979273 
-3.980000 	 0.979107 
-3.970000 	 0.978939 
-3.960000 	 0.978770 
-3.950000 	 0.978599 
-3.940000 	 0.978427 
-3.930000 	 0.978254 
-3.920000 	 0.978080 
-3.910000 	 0.977903 
-3.900000 	 0.977726 
-3.890000 	 0.977547 
-3.880000 	 0.977367 
-3.870000 	 0.977185 
-3.860000 	 0.977002 
-3.850000 	 0.976817 
-3.840000 	 0.976631 
-3.830000 	 0.976443 
-3.820000 	 0.976254 
-3.810000 	 0.976063 
-3.800000 	 0.975871 
-3.790000 	 0.975677 
-3.780000 	 0.975482 
-3.770000 	 0.975285 
-3.760000 	 0.975086 
-3.750000 	 0.974886 
-3.740000 	 0.974684 
-3.730000 	 0.974481 
-3.720000 	 0.974276 
-3.710000 	 0.974069 
-3.700000 	 0.973861 
-3.690000 	 0.973651 
-3.680000 	 0.973440 
-3.670000 	 0.973226 
-3.660000 	 0.973011 
-3.650000 	 0.972794 
-3.640000 	 0.972576 
-3.630000 	 0.972356 
-3.620000 	 0.972134 
-3.610000 	 0.971910 
-3.600000 	 0.971684 
-3.590000 	 0.971457 
-3.580000 	 0.971228 
-3.570000 	 0.970996 
-3.560000 	 0.970763 
-3.550000 	 0.970529 
-3.540000 	 0.970292 
-3.530000 	 0.970053 
-3.520000 	 0.969813 
-3.510000 	 0.969570 
-3.500000 	 0.969326 
-3.490000 	 0.969079 
-3.480000 	 0.968831 
-3.470000 	 0.968581 
-3.460000 	 0.968328 
-3.450000 	 0.968074 
-3.440000 	 0.967818 
-3.430000 	 0.967559 
-3.420000 	 0.967299 
-3.410000 	 0.967036 
-3.400000 	 0.966771 
-3.390000 	 0.966504 
-3.380000 	 0.966235 
-3.370000 	 0.965964 
-3.360000 	 0.965691 
-3.350000 	 0.965415 
-3.340000 	 0.965137 
-3.330000 	 0.964857 
-3.320000 	 0.964575 
-3.310000 	 0.964290 
-3.300000 	 0.964004 
-3.290000 	 0.963714 
-3.280000 	 0.963423 
-3.270000 	 0.963129 
-3.260000 	 0.962833 
-3.250000 	 0.962535 
-3.240000 	 0.962234 
-3.230000 	 0.961930 
-3.220000 	 0.961624 
-3.210000 	 0.961316 
-3.200000 	 0.961006 
-3.190000 	 0.960692 
-3.180000 	 0.960377 
-3.170000 	 0.960058 
-3.160000 	 0.959738 
-3.150000 	 0.959414 
-3.140000 	 0.959088 
-3.130000 	 0.958760 
-3.120000 	 0.958428 
-3.110000 	 0.958094 
-3.100000 	 0.957758 
-3.090000 	 0.957418 
-3.080000 	 0.957076 
-3.070000 	 0.956732 
-3.060000 	 0.956384 
-3.050000 	 0.956034 
-3.040000 	 0.955681 
-3.030000 	 0.955325 
-3.020000 	 0.954966 
-3.010000 	 0.954604 
-3.000000 	 0.954240 
-2.990000 	 0.953872 
-2.980000 	 0.953502 
-2.970000 	 0.953128 
-2.960000 	 0.952752 
-2.950000 	 0.952372 
-2.940000 	 0.951989 
-2.930000 	 0.951604 
-2.920000 	 0.951215 
-2.910000 	 0.950823 
-2.900000 	 0.950428 
-2.890000 	 0.950030 
-2.880000 	 0.949629 
-2.870000 	 0.949224 
-2.860000 	 0.948816 
-2.850000 	 0.948405 
-2.840000 	 0.947991 
-2.830000 	 0.947573 
-2.820000 	 0.947152 
-2.810000 	 0.946728 
-2.800000 	 0.946300 
-2.790000 	 0.945868 
-2.780000 	 0.945434 
-2.770000 	 0.944995 
-2.760000 	 0.944553 
-2.750000 	 0.944108 
-2.740000 	 0.943659 
-2.730000 	 0.943207 
-2.720000 	 0.942750 
-2.710000 	 0.942291 
-2.700000 	 0.941827 
-2.690000 	 0.941360 
-2.680000 	 0.940889 
-2.670000 	 0.940414 
-2.660000 	 0.939935 
-2.650000 	 0.939453 
-2.640000 	 0.938967 
-2.630000 	 0.938476 
-2.620000 	 0.937982 
-2.610000 	 0.937484 
-2.600000 	 0.936982 
-2.590000 	 0.936476 
-2.580000 	 0.935966 
-2.570000 	 0.935451 
-2.560000 	 0.934933 
-2.550000 	 0.934410 
-2.540000 	 0.933883 
-2.530000 	 0.933352 
-2.520000 	 0.932817 
-2.510000 	 0.932277 
-2.500000 	 0.931733 
-2.490000 	 0.931185 
-2.480000 	 0.930632 
-2.470000 	 0.930075 
-2.460000 	 0.929514 
-2.450000 	 0.928947 
-2.440000 	 0.928377 
-2.430000 	 0.927801 
-2.420000 	 0.927222 
-2.410000 	 0.926637 
-2.400000 	 0.926048 
-2.390000 	 0.925454 
-2.380000 	 0.924855 
-2.370000 	 0.924251 
-2.360000 	 0.923643 
-2.350000 	 0.923030 
-2.340000 	 0.922411 
-2.330000 	 0.921788 
-2.320000 	 0.921160 
-2.310000 	 0.920527 
-2.300000 	 0.919888 
-2.290000 	 0.919245 
-2.280000 	 0.918596 
-2.270000 	 0.917943 
-2.260000 	 0.917283 
-2.250000 	 0.916619 
-2.240000 	 0.915949 
-2.230000 	 0.915274 
-2.220000 	 0.914594 
-2.210000 	 0.913908 
-2.200000 	 0.913216 
-2.190000 	 0.912519 
-2.180000 	 0.911816 
-2.170000 	 0.911108 
-2.160000 	 0.910394 
-2.150000 	 0.909674 
-2.140000 	 0.908949 
-2.130000 	 0.908218 
-2.120000 	 0.907480 
-2.110000 	 0.906737 
-2.100000 	 0.905988 
-2.090000 	 0.905233 
-2.080000 	 0.904472 
-2.070000 	 0.903705 
-2.060000 	 0.902931 
-2.050000 	 0.902152 
-2.040000 	 0.901366 
-2.030000 	 0.900573 
-2.020000 	 0.899775 
-2.010000 	 0.898970 
-2.000000 	 0.898158 
-1.990000 	 0.897340 
-1.980000 	 0.896516 
-1.970000 	 0.895685 
-1.960000 	 0.894847 
-1.950000 	 0.894002 
-1.940000 	 0.893151 
-1.930000 	 0.892292 
-1.920000 	 0.891427 
-1.910000 	 0.890555 
-1.900000 	 0.889676 
-1.890000 	 0.888790 
-1.880000 	 0.887897 
-1.870000 	 0.886996 
-1.860000 	 0.886089 
-1.850000 	 0.885174 
-1.840000 	 0.884251 
-1.830000 	 0.883322 
-1.820000 	 0.882385 
-1.810000 	 0.881440 
-1.800000 	 0.880488 
-1.790000 	 0.879528 
-1.780000 	 0.878560 
-1.770000 	 0.877585 
-1.760000 	 0.876601 
-1.750000 	 0.875610 
-1.740000 	 0.874611 
-1.730000 	 0.873604 
-1.720000 	 0.872589 
-1.710000 	 0.871565 
-1.700000 	 0.870534 
-1.690000 	 0.869494 
-1.680000 	 0.868446 
-1.670000 	 0.867389 
-1.660000 	 0.866324 
-1.650000 	 0.865250 
-1.640000 	 0.864168 
-1.630000 	 0.863077 
-1.620000 	 0.861977 
-1.610000 	 0.860868 
-1.600000 	 0.859751 
-1.590000 	 0.858624 
-1.580000 	 0.857489 
-1.570000 	 0.856344 
-1.560000 	 0.855190 
-1.550000 	 0.854027 
-1.540000 	 0.852855 
-1.530000 	 0.851673 
-1.520000 	 0.850482 
-1.510000 	 0.849281 
-1.500000 	 0.848070 
-1.490000 	 0.846850 
-1.480000 	 0.845620 
-1.470000 	 0.844380 
-1.460000 	 0.843130 
-1.450000 	 0.841870 
-1.440000 	 0.840599 
-1.430000 	 0.839319 
-1.420000 	 0.838029 
-1.410000 	 0.836728 
-1.400000 	 0.835416 
-1.390000 	 0.834094 
-1.380000 	 0.832762 
-1.370000 	 0.831418 
-1.360000 	 0.830064 
-1.350000 	 0.828699 
-1.340000 	 0.827323 
-1.330000 	 0.825937 
-1.320000 	 0.824538 
-1.310000 	 0.823129 
-1.300000 	 0.821708 
-1.290000 	 0.820276 
-1.280000 	 0.818833 
-1.270000 	 0.817378 
-1.260000 	 0.815911 
-1.250000 	 0.814432 
-1.240000 	 0.812942 
-1.230000 	 0.811439 
-1.220000 	 0.809925 
-1.210000 	 0.808398 
-1.200000 	 0.806859 
-1.190000 	 0.805308 
-1.180000 	 0.803744 
-1.170000 	 0.802168 
-1.160000 	 0.800579 
-1.150000 	 0.798977 
-1.140000 	 0.797362 
-1.130000 	 0.795735 
-1.120000 	 0.794094 
-1.110000 	 0.792440 
-1.100000 	 0.790773 
-1.090000 	 0.789092 
-1.080000 	 0.787398 
-1.070000 	 0.785691 
-1.060000 	 0.783969 
-1.050000 	 0.782234 
-1.040000 	 0.780485 
-1.030000 	 0.778722 
-1.020000 	 0.776945 
-1.010000 	 0.775153 
-1.000000 	 0.773347 
-0.990000 	 0.771527 
-0.980000 	 0.769691 
-0.970000 	 0.767842 
-0.960000 	 0.765977 
-0.950000 	 0.764097 
-0.940000 	 0.762202 
-0.930000 	 0.760292 
-0.920000 	 0.758367 
-0.910000 	 0.756426 
-0.900000 	 0.754470 
-0.890000 	 0.752498 
-0.880000 	 0.750510 
-0.870000 	 0.748506 
-0.860000 	 0.746486 
-0.850000 	 0.744450 
-0.840000 	 0.742397 
-0.830000 	 0.740328 
-0.820000 	 0.738242 
-0.810000 	 0.736140 
-0.800000 	 0.734020 
-0.790000 	 0.731884 
-0.780000 	 0.729730 
-0.770000 	 0.727560 
-0.760000 	 0.725371 
-0.750000 	 0.723165 
-0.740000 	 0.720942 
-0.730000 	 0.718701 
-0.720000 	 0.716441 
-0.710000 	 0.714164 
-0.700000 	 0.711868 
-0.690000 	 0.709553 
-0.680000 	 0.707220 
-0.670000 	 0.704869 
-0.660000 	 0.702498 
-0.650000 	 0.700109 
-0.640000 	 0.697700 
-0.630000 	 0.695272 
-0.620000 	 0.692824 
-0.610000 	 0.690357 
-0.600000 	 0.687870 
-0.590000 	 0.685363 
-0.580000 	 0.682836 
-0.570000 	 0.680288 
-0.560000 	 0.677720 
-0.550000 	 0.675132 
-0.540000 	 0.672522 
-0.530000 	 0.669892 
-0.520000 	 0.667241 
-0.510000 	 0.664568 
-0.500000 	 0.661874 
-0.490000 	 0.659158 
-0.480000 	 0.656420 
-0.470000 	 0.653660 
-0.460000 	 0.650879 
-0.450000 	 0.648074 
-0.440000 	 0.645248 
-0.430000 	 0.642398 
-0.420000 	 0.639526 
-0.410000 	 0.636631 
-0.400000 	 0.633712 
-0.390000 	 0.630770 
-0.380000 	 0.627804 
-0.370000 	 0.624815 
-0.360000 	 0.621801 
-0.350000 	 0.618764 
-0.340000 	 0.615701 
-0.330000 	 0.612615 
-0.320000 	 0.609503 
-0.310000 	 0.606367 
-0.300000 	 0.603205 
-0.290000 	 0.600018 
-0.280000 	 0.596805 
-0.270000 	 0.593567 
-0.260000 	 0.590302 
-0.250000 	 0.587011 
-0.240000 	 0.583694 
-0.230000 	 0.580350 
-0.220000 	 0.576980 
-0.210000 	 0.573582 
-0.200000 	 0.570157 
-0.190000 	 0.566705 
-0.180000 	 0.563224 
-0.170000 	 0.559716 
-0.160000 	 0.556180 
-0.150000 	 0.552615 
-0.140000 	 0.549021 
-0.130000 	 0.545399 
-0.120000 	 0.541748 
-0.110000 	 0.538067 
-0.100000 	 0.534357 
-0.090000 	 0.530617 
-0.080000 	 0.526846 
-0.070000 	 0.523046 
-0.060000 	 0.519215 
-0.050000 	 0.515353 
-0.040000 	 0.511461 
-0.030000 	 0.507537 
-0.020000 	 0.503581 
-0.010000 	 0.499594 
0.000000 	 0.495575 
0.010000 	 0.491555 
0.020000 	 0.487567 
0.030000 	 0.483610 
0.040000 	 0.479684 
0.050000 	 0.475789 
0.060000 	 0.471924 
0.070000 	 0.468089 
0.080000 	 0.464285 
0.090000 	 0.460510 
0.100000 	 0.456764 
0.110000 	 0.453048 
0.120000 	 0.449361 
0.130000 	 0.445702 
0.140000 	 0.442072 
0.150000 	 0.438471 
0.160000 	 0.434897 
0.170000 	 0.431351 
0.180000 	 0.427833 
0.190000 	 0.424342 
0.200000 	 0.420879 
0.210000 	 0.417442 
0.220000 	 0.414032 
0.230000 	 0.410649 
0.240000 	 0.407291 
0.250000 	 0.403960 
0.260000 	 0.400655 
0.270000 	 0.397375 
0.280000 	 0.394121 
0.290000 	 0.390892 
0.300000 	 0.387688 
0.310000 	 0.384509 
0.320000 	 0.381354 
0.330000 	 0.378224 
0.340000 	 0.375118 
0.350000 	 0.372037 
0.360000 	 0.368978 
0.370000 	 0.365944 
0.380000 	 0.362933 
0.390000 	 0.359945 
0.400000 	 0.356980 
0.410000 	 0.354038 
0.420000 	 0.351119 
0.430000 	 0.348222 
0.440000 	 0.345348 
0.450000 	 0.342495 
0.460000 	 0.339665 
0.470000 	 0.336856 
0.480000 	 0.334069 
0.490000 	 0.331303 
0.500000 	 0.328558 
0.510000 	 0.328377 
0.520000 	 0.328196 
0.530000 	 0.328018 
0.540000 	 0.327840 
0.550000 	 0.327664 
0.560000 	 0.327490 
0.570000 	 0.327317 
0.580000 	 0.327145 
0.590000 	 0.326974 
0.600000 	 0.326805 
0.610000 	 0.326638 
0.620000 	 0.326472 
0.630000 	 0.326307 
0.640000 	 0.326143 
0.650000 	 0.325981 
0.660000 	 0.325821 
0.670000 	 0.325661 
0.680000 	 0.325504 
0.690000 	 0.325347 
0.700000 	 0.325192 
0.710000 	 0.325038 
0.720000 	 0.324886 
0.730000 	 0.324735 
0.740000 	 0.324586 
0.750000 	 0.324437 
0.760000 	 0.324291 
0.770000 	 0.324145 
0.780000 	 0.324001 
0.790000 	 0.323859 
0.800000 	 0.323717 
0.810000 	 0.321138 
0.820000 	 0.318579 
0.830000 	 0.316041 
0.840000 	 0.313523 
0.850000 	 0.311024 
0.860000 	 0.308546 
0.870000 	 0.306088 
0.880000 	 0.303649 
0.890000 	 0.301229 
0.900000 	 0.298829 
0.910000 	 0.296448 
0.920000 	 0.294086 
0.930000 	 0.291742 
0.940000 	 0.289418 
0.950000 	 0.287112 
0.960000 	 0.284824 
0.970000 	 0.282554 
0.980000 	 0.280303 
0.990000 	 0.278070 
1.000000 	 0.275854 
1.010000 	 0.273656 
1.020000 	 0.271475 
1.030000 	 0.269312 
1.040000 	 0.267166 
1.050000 	 0.265037 
1.060000 	 0.262926 
1.070000 	 0.260831 
1.080000 	 0.258752 
1.090000 	 0.256691 
1.100000 	 0.254645 
1.110000 	 0.252616 
1.120000 	 0.250603 
1.130000 	 0.248606 
1.140000 	 0.246626 
1.150000 	 0.244660 
1.160000 	 0.242711 
1.170000 	 0.240777 
1.180000 	 0.238858 
1.190000 	 0.236955 
1.200000 	 0.235067 
1.210000 	 0.233194 
1.220000 	 0.231336 
1.230000 	 0.229493 
1.240000 	 0.227664 
1.250000 	 0.225850 
1.260000 	 0.224050 
1.270000 	 0.222265 
1.280000 	 0.220494 
1.290000 	 0.218737 
1.300000 	 0.216994 
1.310000 	 0.215265 
1.320000 	 0.213550 
1.330000 	 0.211848 
1.340000 	 0.210160 
1.350000 	 0.208486 
1.360000 	 0.206825 
1.370000 	 0.205177 
1.380000 	 0.203542 
1.390000 	 0.201920 
1.400000 	 0.200311 
1.410000 	 0.198715 
1.420000 	 0.197132 
1.430000 	 0.195561 
1.440000 	 0.194003 
1.450000 	 0.192457 
1.460000 	 0.190923 
1.470000 	 0.189402 
1.480000 	 0.187893 
1.490000 	 0.186396 
1.500000 	 0.184910 
1.510000 	 0.183437 
1.520000 	 0.181975 
1.530000 	 0.180525 
1.540000 	 0.179087 
1.550000 	 0.177660 
1.560000 	 0.176244 
1.570000 	 0.174840 
1.580000 	 0.173447 
1.590000 	 0.172065 
1.600000 	 0.170694 
1.610000 	 0.169334 
1.620000 	 0.167984 
1.630000 	 0.166646 
1.640000 	 0.165318 
1.650000 	 0.164001 
1.660000 	 0.162694 
1.670000 	 0.161398 
1.680000 	 0.160112 
1.690000 	 0.158836 
1.700000 	 0.157570 
1.710000 	 0.156315 
1.720000 	 0.155069 
1.730000 	 0.153834 
1.740000 	 0.152608 
1.750000 	 0.151392 
1.760000 	 0.150185 
1.770000 	 0.148989 
1.780000 	 0.147802 
1.790000 	 0.146624 
1.800000 	 0.145456 
1.810000 	 0.144297 
1.820000 	 0.143147 
1.830000 	 0.142006 
1.840000 	 0.140875 
1.850000 	 0.139752 
1.860000 	 0.138639 
1.870000 	 0.137534 
1.880000 	 0.136438 
1.890000 	 0.135351 
1.900000 	 0.134272 
1.910000 	 0.133203 
1.920000 	 0.132141 
1.930000 	 0.131088 
1.940000 	 0.130044 
1.950000 	 0.129008 
1.960000 	 0.127980 
1.970000 	 0.126960 
1.980000 	 0.125948 
1.990000 	 0.124945 
2.000000 	 0.123949 
2.010000 	 0.122961 
2.020000 	 0.121982 
2.030000 	 0.121010 
2.040000 	 0.120046 
2.050000 	 0.119089 
2.060000 	 0.118140 
2.070000 	 0.117199 
2.080000 	 0.116265 
2.090000 	 0.115338 
2.100000 	 0.114419 
2.110000 	 0.113508 
2.120000 	 0.112603 
2.130000 	 0.111706 
2.140000 	 0.110816 
2.150000 	 0.109933 
2.160000 	 0.109057 
2.170000 	 0.108188 
2.180000 	 0.107326 
2.190000 	 0.106471 
2.200000 	 0.105622 
2.210000 	 0.104781 
2.220000 	 0.103946 
2.230000 	 0.103118 
2.240000 	 0.102296 
2.250000 	 0.101481 
2.260000 	 0.100672 
2.270000 	 0.099870 
2.280000 	 0.099074 
2.290000 	 0.098285 
2.300000 	 0.097502 
2.310000 	 0.096725 
2.320000 	 0.095954 
2.330000 	 0.095190 
2.340000 	 0.094431 
2.350000 	 0.093679 
2.360000 	 0.092932 
2.370000 	 0.092192 
2.380000 	 0.091457 
2.390000 	 0.090728 
2.400000 	 0.090006 
2.410000 	 0.089288 
2.420000 	 0.088577 
2.430000 	 0.087871 
2.440000 	 0.087171 
2.450000 	 0.086476 
2.460000 	 0.085787 
2.470000 	 0.085104 
2.480000 	 0.084426 
2.490000 	 0.083753 
2.500000 	 0.083086 
2.510000 	 0.082424 
2.520000 	 0.081767 
2.530000 	 0.081115 
2.540000 	 0.080469 
2.550000 	 0.079828 
2.560000 	 0.079192 
2.570000 	 0.078561 
2.580000 	 0.077935 
2.590000 	 0.077314 
2.600000 	 0.076698 
2.610000 	 0.076087 
2.620000 	 0.075480 
2.630000 	 0.074879 
2.640000 	 0.074282 
2.650000 	 0.073690 
2.660000 	 0.073103 
2.670000 	 0.072521 
2.680000 	 0.071943 
2.690000 	 0.071370 
2.700000 	 0.070801 
2.710000 	 0.070237 
2.720000 	 0.069677 
2.730000 	 0.069122 
2.740000 	 0.068571 
2.750000 	 0.068025 
2.760000 	 0.067483 
2.770000 	 0.066945 
2.780000 	 0.066412 
2.790000 	 0.065882 
2.800000 	 0.065357 
2.810000 	 0.064837 
2.820000 	 0.064320 
2.830000 	 0.063808 
2.840000 	 0.063299 
2.850000 	 0.062795 
2.860000 	 0.062294 
2.870000 	 0.061798 
2.880000 	 0.061306 
2.890000 	 0.060817 
2.900000 	 0.060333 
2.910000 	 0.059852 
2.920000 	 0.059375 
2.930000 	 0.058902 
2.940000 	 0.058432 
2.950000 	 0.057967 
2.960000 	 0.057505 
2.970000 	 0.057047 
2.980000 	 0.056592 
2.990000 	 0.056141 
3.000000 	 0.055694 
3.010000 	 0.055250 
3.020000 	 0.054810 
3.030000 	 0.054373 
3.040000 	 0.053940 
3.050000 	 0.053510 
3.060000 	 0.053084 
3.070000 	 0.052661 
3.080000 	 0.052241 
3.090000 	 0.051825 
3.100000 	 0.051412 
3.110000 	 0.051002 
3.120000 	 0.050596 
3.130000 	 0.050193 
3.140000 	 0.049793 
3.150000 	 0.049396 
3.160000 	 0.049002 
3.170000 	 0.048612 
3.180000 	 0.048225 
3.190000 	 0.047840 
3.200000 	 0.047459 
3.210000 	 0.047081 
3.220000 	 0.046706 
3.230000 	 0.046334 
3.240000 	 0.045965 
3.250000 	 0.045598 
3.260000 	 0.045235 
3.270000 	 0.044875 
3.280000 	 0.044517 
3.290000 	 0.044162 
3.300000 	 0.043810 
3.310000 	 0.043461 
3.320000 	 0.043115 
3.330000 	 0.042771 
3.340000 	 0.042431 
3.350000 	 0.042093 
3.360000 	 0.041757 
3.370000 	 0.041424 
3.380000 	 0.041094 
3.390000 	 0.040767 
3.400000 	 0.040442 
3.410000 	 0.040120 
3.420000 	 0.039800 
3.430000 	 0.039483 
3.440000 	 0.039168 
3.450000 	 0.038856 
3.460000 	 0.038547 
3.470000 	 0.038240 
3.480000 	 0.037935 
3.490000 	 0.037633 
3.500000 	 0.037333 
3.510000 	 0.037035 
3.520000 	 0.036740 
3.530000 	 0.036447 
3.540000 	 0.036157 
3.550000 	 0.035869 
3.560000 	 0.035583 
3.570000 	 0.035300 
3.580000 	 0.035018 
3.590000 	 0.034739 
3.600000 	 0.034462 
3.610000 	 0.034188 
3.620000 	 0.033915 
3.630000 	 0.033645 
3.640000 	 0.033377 
3.650000 	 0.033111 
3.660000 	 0.032847 
3.670000 	 0.032586 
3.680000 	 0.032326 
3.690000 	 0.032068 
3.700000 	 0.031813 
3.710000 	 0.031559 
3.720000 	 0.031308 
3.730000 	 0.031058 
3.740000 	 0.030811 
3.750000 	 0.030565 
3.760000 	 0.030322 
3.770000 	 0.030080 
3.780000 	 0.029841 
3.790000 	 0.029603 
3.800000 	 0.029367 
3.810000 	 0.029133 
3.820000 	 0.028901 
3.830000 	 0.028671 
3.840000 	 0.028442 
3.850000 	 0.028215 
3.860000 	 0.027991 
3.870000 	 0.027768 
3.880000 	 0.027546 
3.890000 	 0.027327 
3.900000 	 0.027109 
3.910000 	 0.026893 
3.920000 	 0.026679 
3.930000 	 0.026466 
3.940000 	 0.026255 
3.950000 	 0.026046 
3.960000 	 0.025839 
3.970000 	 0.025633 
3.980000 	 0.025429 
3.990000 	 0.025226 
4.000000 	 0.025025 
4.010000 	 0.024825 
4.020000 	 0.024628 
4.030000 	 0.024431 
4.040000 	 0.024237 
4.050000 	 0.024044 
4.060000 	 0.023852 
4.070000 	 0.023662 
4.080000 	 0.023473 
4.090000 	 0.023286 
4.100000 	 0.023101 
4.110000 	 0.022917 
4.120000 	 0.022734 
4.130000 	 0.022553 
4.140000 	 0.022373 
4.150000 	 0.022195 
4.160000 	 0.022018 
4.170000 	 0.021843 
4.180000 	 0.021669 
4.190000 	 0.021496 
4.200000 	 0.021325 
4.210000 	 0.021155 
4.220000 	 0.020986 
4.230000 	 0.020819 
4.240000 	 0.020653 
4.250000 	 0.020489 
4.260000 	 0.020325 
4.270000 	 0.020163 
4.280000 	 0.020003 
4.290000 	 0.019843 
4.300000 	 0.019685 
4.310000 	 0.019528 
4.320000 	 0.019373 
4.330000 	 0.019218 
4.340000 	 0.019065 
4.350000 	 0.018913 
4.360000 	 0.018763 
4.370000 	 0.018613 
4.380000 	 0.018465 
4.390000 	 0.018318 
4.400000 	 0.018172 
4.410000 	 0.018027 
4.420000 	 0.017883 
4.430000 	 0.017741 
4.440000 	 0.017600 
4.450000 	 0.017459 
4.460000 	 0.017320 
4.470000 	 0.017182 
4.480000 	 0.017045 
4.490000 	 0.016909 
4.500000 	 0.016775 
4.510000 	 0.016641 
4.520000 	 0.016508 
4.530000 	 0.016377 
4.540000 	 0.016246 
4.550000 	 0.016117 
4.560000 	 0.015989 
4.570000 	 0.015861 
4.580000 	 0.015735 
4.590000 	 0.015609 
4.600000 	 0.015485 
4.610000 	 0.015362 
4.620000 	 0.015239 
4.630000 	 0.015118 
4.640000 	 0.014997 
4.650000 	 0.014878 
4.660000 	 0.014759 
4.670000 	 0.014642 
4.680000 	 0.014525 
4.690000 	 0.014409 
4.700000 	 0.014294 
4.710000 	 0.014181 
4.720000 	 0.014068 
4.730000 	 0.013955 
4.740000 	 0.013844 
4.750000 	 0.013734 
4.760000 	 0.013625 
4.770000 	 0.013516 
4.780000 	 0.013408 
4.790000 	 0.013301 
4.800000 	 0.013195 
4.810000 	 0.013090 
4.820000 	 0.012986 
4.830000 	 0.012883 
4.840000 	 0.012780 
4.850000 	 0.012678 
4.860000 	 0.012577 
4.870000 	 0.012477 
4.880000 	 0.012377 
4.890000 	 0.012279 
4.900000 	 0.012181 
4.910000 	 0.012084 
4.920000 	 0.011988 
4.930000 	 0.011892 
4.940000 	 0.011797 
4.950000 	 0.011703 
4.960000 	 0.011610 
4.970000 	 0.011518 
4.980000 	 0.011426 
4.990000 	 0.011335 
5.000000 	 0.011244 
5.010000 	 0.011155 
5.020000 	 0.011066 
5.030000 	 0.010978 
5.040000 	 0.010890 
5.050000 	 0.010804 
5.060000 	 0.010717 
5.070000 	 0.010632 
5.080000 	 0.010547 
5.090000 	 0.010463 
5.100000 	 0.010380 
5.110000 	 0.010297 
5.120000 	 0.010215 
5.130000 	 0.010134 
5.140000 	 0.010053 
5.150000 	 0.009973 
5.160000 	 0.009893 
5.170000 	 0.009815 
5.180000 	 0.009736 
5.190000 	 0.009659 
5.200000 	 0.009582 
5.210000 	 0.009506 
5.220000 	 0.009430 
5.230000 	 0.009355 
5.240000 	 0.009280 
5.250000 	 0.009206 
5.260000 	 0.009133 
5.270000 	 0.009060 
5.280000 	 0.008988 
5.290000 	 0.008916 
5.300000 	 0.008845 
5.310000 	 0.008775 
5.320000 	 0.008705 
5.330000 	 0.008635 
5.340000 	 0.008567 
5.350000 	 0.008498 
5.360000 	 0.008431 
5.370000 	 0.008363 
5.380000 	 0.008297 
5.390000 	 0.008231 
5.400000 	 0.008165 
5.410000 	 0.008100 
5.420000 	 0.008036 
5.430000 	 0.007971 
5.440000 	 0.007908 
5.450000 	 0.007845 
5.460000 	 0.007782 
5.470000 	 0.007720 
5.480000 	 0.007659 
5.490000 	 0.007598 
5.500000 	 0.007537 
5.510000 	 0.007477 
5.520000 	 0.007418 
5.530000 	 0.007359 
5.540000 	 0.007300 
5.550000 	 0.007242 
5.560000 	 0.007184 
5.570000 	 0.007127 
5.580000 	 0.007070 
5.590000 	 0.007014 
5.600000 	 0.006958 
5.610000 	 0.006902 
5.620000 	 0.006847 
5.630000 	 0.006793 
5.640000 	 0.006739 
5.650000 	 0.006685 
5.660000 	 0.006632 
5.670000 	 0.006579 
5.680000 	 0.006527 
5.690000 	 0.006474 
5.700000 	 0.006423 
5.710000 	 0.006372 
5.720000 	 0.006321 
5.730000 	 0.006271 
5.740000 	 0.006221 
5.750000 	 0.006171 
5.760000 	 0.006122 
5.770000 	 0.006073 
5.780000 	 0.006025 
5.790000 	 0.005977 
5.800000 	 0.005929 
5.810000 	 0.005882 
5.820000 	 0.005835 
5.830000 	 0.005788 
5.840000 	 0.005742 
5.850000 	 0.005697 
5.860000 	 0.005651 
5.870000 	 0.005606 
5.880000 	 0.005562 
5.890000 	 0.005517 
5.900000 	 0.005473 
5.910000 	 0.005430 
5.920000 	 0.005386 
5.930000 	 0.005343 
5.940000 	 0.005301 
5.950000 	 0.005259 
5.960000 	 0.005217 
5.970000 	 0.005175 
5.980000 	 0.005134 
5.990000 	 0.005093 
6.000000 	 0.005052 
6.010000 	 0.005012 
6.020000 	 0.004972 
6.030000 	 0.004933 
6.040000 	 0.004893 
6.050000 	 0.004854 
6.060000 	 0.004816 
6.070000 	 0.004777 
6.080000 	 0.004739 
6.090000 	 0.004701 
6.100000 	 0.004664 
6.110000 	 0.004627 
6.120000 	 0.004590 
6.130000 	 0.004553 
6.140000 	 0.004517 
6.150000 	 0.004481 
6.160000 	 0.004445 
6.170000 	 0.004410 
6.180000 	 0.004375 
6.190000 	 0.004340 
6.200000 	 0.004305 
6.210000 	 0.004271 
6.220000 	 0.004237 
6.230000 	 0.004203 
6.240000 	 0.004170 
6.250000 	 0.004137 
6.260000 	 0.004104 
6.270000 	 0.004071 
6.280000 	 0.004038 
6.290000 	 0.004006 
6.300000 	 0.003974 
6.310000 	 0.003943 
6.320000 	 0.003911 
6.330000 	 0.003880 
6.340000 	 0.003849 
6.350000 	 0.003819 
6.360000 	 0.003788 
6.370000 	 0.003758 
6.380000 	 0.003728 
6.390000 	 0.003698 
6.400000 	 0.003669 
6.410000 	 0.003640 
6.420000 	 0.003611 
6.430000 	 0.003582 
6.440000 	 0.003553 
6.450000 	 0.003525 
6.460000 	 0.003497 
6.470000 	 0.003469 
6.480000 	 0.003441 
6.490000 	 0.003414 
6.500000 	 0.003387 
6.510000 	 0.003360 
6.520000 	 0.003333 
6.530000 	 0.003306 
6.540000 	 0.003280 
6.550000 	 0.003254 
6.560000 	 0.003228 
6.570000 	 0.003202 
6.580000 	 0.003177 
6.590000 	 0.003151 
6.600000 	 0.003126 
6.610000 	 0.003101 
6.620000 	 0.003077 
6.630000 	 0.003052 
6.640000 	 0.003028 
6.650000 	 0.003004 
6.660000 	 0.002980 
6.670000 	 0.002956 
6.680000 	 0.002933 
6.690000 	 0.002909 
6.700000 	 0.002886 
6.710000 	 0.002863 
6.720000 	 0.002840 
6.730000 	 0.002818 
6.740000 	 0.002795 
6.750000 	 0.002773 
6.760000 	 0.002751 
6.770000 	 0.002729 
6.780000 	 0.002707 
6.790000 	 0.002686 
6.800000 	 0.002664 
6.810000 	 0.002643 
6.820000 	 0.002622 
6.830000 	 0.002601 
6.840000 	 0.002580 
6.850000 	 0.002560 
6.860000 	 0.002539 
6.870000 	 0.002519 
6.880000 	 0.002499 
6.890000 	 0.002479 
6.900000 	 0.002459 
6.910000 	 0.002440 
6.920000 	 0.002420 
6.930000 	 0.002401 
6.940000 	 0.002382 
6.950000 	 0.002363 
6.960000 	 0.002344 
6.970000 	 0.002325 
6.980000 	 0.002307 
6.990000 	 0.002288 
7.000000 	 0.002270 
7.010000 	 0.002252 
7.020000 	 0.002234 
7.030000 	 0.002216 
7.040000 	 0.002199 
7.050000 	 0.002181 
7.060000 	 0.002164 
7.070000 	 0.002147 
7.080000 	 0.002129 
7.090000 	 0.002112 
7.100000 	 0.002096 
7.110000 	 0.002079 
7.120000 	 0.002062 
7.130000 	 0.002046 
7.140000 	 0.002030 
7.150000 	 0.002013 
7.160000 	 0.001997 
7.170000 	 0.001982 
7.180000 	 0.001966 
7.190000 	 0.001950 
7.200000 	 0.001935 
7.210000 	 0.001919 
7.220000 	 0.001904 
7.230000 	 0.001889 
7.240000 	 0.001874 
7.250000 	 0.001859 
7.260000 	 0.001844 
7.270000 	 0.001829 
7.280000 	 0.001815 
7.290000 	 0.001800 
7.300000 	 0.001786 
7.310000 	 0.001772 
7.320000 	 0.001757 
7.330000 	 0.001743 
7.340000 	 0.001730 
7.350000 	 0.001716 
7.360000 	 0.001702 
7.370000 	 0.001689 
7.380000 	 0.001675 
7.390000 	 0.001662 
7.400000 	 0.001649 
7.410000 	 0.001635 
7.420000 	 0.001622 
7.430000 	 0.001609 
7.440000 	 0.001597 
7.450000 	 0.001584 
7.460000 	 0.001571 
7.470000 	 0.001559 
7.480000 	 0.001546 
7.490000 	 0.001534 
7.500000 	 0.001522 
7.510000 	 0.001510 
7.520000 	 0.001498 
7.530000 	 0.001486 
7.540000 	 0.001474 
7.550000 	 0.001462 
7.560000 	 0.001450 
7.570000 	 0.001439 
7.580000 	 0.001427 
7.590000 	 0.001416 
7.600000 	 0.001405 
7.610000 	 0.001394 
7.620000 	 0.001382 
7.630000 	 0.001371 
7.640000 	 0.001361 
7.650000 	 0.001350 
7.660000 	 0.001339 
7.670000 	 0.001328 
7.680000 	 0.001318 
7.690000 	 0.001307 
7.700000 	 0.001297 
7.710000 	 0.001286 
7.720000 	 0.001276 
7.730000 	 0.001266 
7.740000 	 0.001256 
7.750000 	 0.001246 
7.760000 	 0.001236 
7.770000 	 0.001226 
7.780000 	 0.001216 
7.790000 	 0.001207 
7.800000 	 0.001197 
7.810000 	 0.001188 
7.820000 	 0.001178 
7.830000 	 0.001169 
7.840000 	 0.001159 
7.850000 	 0.001150 
7.860000 	 0.001141 
7.870000 	 0.001132 
7.880000 	 0.001123 
7.890000 	 0.001114 
7.900000 	 0.001105 
7.910000 	 0.001096 
7.920000 	 0.001087 
7.930000 	 0.001079 
7.940000 	 0.001070 
7.950000 	 0.001062 
7.960000 	 0.001053 
7.970000 	 0.001045 
7.980000 	 0.001037 
7.990000 	 0.001028 
8.000000 	 0.001020 
8.010000 	 0.001012 
8.020000 	 0.001004 
8.030000 	 0.000996 
8.040000 	 0.000988 
8.050000 	 0.000980 
8.060000 	 0.000972 
8.070000 	 0.000965 
8.080000 	 0.000957 
8.090000 	 0.000949 
8.100000 	 0.000942 
8.110000 	 0.000934 
8.120000 	 0.000927 
8.130000 	 0.000919 
8.140000 	 0.000912 
8.150000 	 0.000905 
8.160000 	 0.000898 
8.170000 	 0.000890 
8.180000 	 0.000883 
8.190000 	 0.000876 
8.200000 	 0.000869 
8.210000 	 0.000862 
8.220000 	 0.000855 
8.230000 	 0.000849 
8.240000 	 0.000842 
8.250000 	 0.000835 
8.260000 	 0.000829 
8.270000 	 0.000822 
8.280000 	 0.000815 
8.290000 	 0.000809 
8.300000 	 0.000802 
8.310000 	 0.000796 
8.320000 	 0.000790 
8.330000 	 0.000783 
8.340000 	 0.000777 
8.350000 	 0.000771 
8.360000 	 0.000765 
8.370000 	 0.000759 
8.380000 	 0.000753 
8.390000 	 0.000747 
8.400000 	 0.000741 
8.410000 	 0.000735 
8.420000 	 0.000729 
8.430000 	 0.000723 
8.440000 	 0.000717 
8.450000 	 0.000712 
8.460000 	 0.000706 
8.470000 	 0.000700 
8.480000 	 0.000695 
8.490000 	 0.000689 
8.500000 	 0.000684 
8.510000 	 0.000678 
8.520000 	 0.000673 
8.530000 	 0.000668 
8.540000 	 0.000662 
8.550000 	 0.000657 
8.560000 	 0.000652 
8.570000 	 0.000647 
8.580000 	 0.000641 
8.590000 	 0.000636 
8.600000 	 0.000631 
8.610000 	 0.000626 
8.620000 	 0.000621 
8.630000 	 0.000616 
8.640000 	 0.000611 
8.650000 	 0.000606 
8.660000 	 0.000602 
8.670000 	 0.000597 
8.680000 	 0.000592 
8.690000 	 0.000587 
8.700000 	 0.000583 
8.710000 	 0.000578 
8.720000 	 0.000573 
8.730000 	 0.000569 
8.740000 	 0.000564 
8.750000 	 0.000560 
8.760000 	 0.000555 
8.770000 	 0.000551 
8.780000 	 0.000547 
8.790000 	 0.000542 
8.800000 	 0.000538 
8.810000 	 0.000534 
8.820000 	 0.000529 
8.830000 	 0.000525 
8.840000 	 0.000521 
8.850000 	 0.000517 
8.860000 	 0.000513 
8.870000 	 0.000509 
8.880000 	 0.000505 
8.890000 	 0.000501 
8.900000 	 0.000497 
8.910000 	 0.000493 
8.920000 	 0.000489 
8.930000 	 0.000485 
8.940000 	 0.000481 
8.950000 	 0.000477 
8.960000 	 0.000473 
8.970000 	 0.000469 
8.980000 	 0.000466 
8.990000 	 0.000462 
9.000000 	 0.000458 
9.010000 	 0.000455 
9.020000 	 0.000451 
9.030000 	 0.000447 
9.040000 	 0.000444 
9.050000 	 0.000440 
9.060000 	 0.000437 
9.070000 	 0.000433 
9.080000 	 0.000430 
9.090000 	 0.000427 
9.100000 	 0.000423 
9.110000 	 0.000420 
9.120000 	 0.000416 
9.130000 	 0.000413 
9.140000 	 0.000410 
9.150000 	 0.000407 
9.160000 	 0.000403 
9.170000 	 0.000400 
9.180000 	 0.000397 
9.190000 	 0.000394 
9.200000 	 0.000391 
9.210000 	 0.000387 
9.220000 	 0.000384 
9.230000 	 0.000381 
9.240000 	 0.000378 
9.250000 	 0.000375 
9.260000 	 0.000372 
9.270000 	 0.000369 
9.280000 	 0.000366 
9.290000 	 0.000363 
9.300000 	 0.000361 
9.310000 	 0.000358 
9.320000 	 0.000355 
9.330000 	 0.000352 
9.340000 	 0.000349 
9.350000 	 0.000346 
9.360000 	 0.000344 
9.370000 	 0.000341 
9.380000 	 0.000338 
9.390000 	 0.000336 
9.400000 	 0.000333 
9.410000 	 0.000330 
9.420000 	 0.000328 
9.430000 	 0.000325 
9.440000 	 0.000322 
9.450000 	 0.000320 
9.460000 	 0.000317 
9.470000 	 0.000315 
9.480000 	 0.000312 
9.490000 	 0.000310 
9.500000 	 0.000307 
9.510000 	 0.000305 
9.520000 	 0.000302 
9.530000 	 0.000300 
9.540000 	 0.000298 
9.550000 	 0.000295 
9.560000 	 0.000293 
9.570000 	 0.000291 
9.580000 	 0.000288 
9.590000 	 0.000286 
9.600000 	 0.000284 
9.610000 	 0.000281 
9.620000 	 0.000279 
9.630000 	 0.000277 
9.640000 	 0.000275 
9.650000 	 0.000272 
9.660000 	 0.000270 
9.670000 	 0.000268 
9.680000 	 0.000266 
9.690000 	 0.000264 
9.700000 	 0.000262 
9.710000 	 0.000260 
9.720000 	 0.000258 
9.730000 	 0.000256 
9.740000 	 0.000254 
9.750000 	 0.000252 
9.760000 	 0.000250 
9.770000 	 0.000248 
9.780000 	 0.000246 
9.790000 	 0.000244 
9.800000 	 0.000242 
9.810000 	 0.000240 
9.820000 	 0.000238 
9.830000 	 0.000236 
9.840000 	 0.000234 
9.850000 	 0.000232 
9.860000 	 0.000230 
9.870000 	 0.000229 
9.880000 	 0.000227 
9.890000 	 0.000225 
9.900000 	 0.000223 
9.910000 	 0.000221 
9.920000 	 0.000220 
9.930000 	 0.000218 
9.940000 	 0.000216 
9.950000 	 0.000214 
9.960000 	 0.000213 
9.970000 	 0.000211 
9.980000 	 0.000209 
9.990000 	 0.000208 
10.000000 	 0.000206 
