-10.000000 	 0.020000 
-9.990000 	 0.020000 
-9.980000 	 0.020000 
-9.970000 	 0.020000 
-9.960000 	 0.020000 
-9.950000 	 0.020000 
-9.940000 	 0.020000 
-9.930000 	 0.020000 
-9.920000 	 0.020000 
-9.910000 	 0.020000 
-9.900000 	 0.020000 
-9.890000 	 0.020000 
-9.880000 	 0.020000 
-9.870000 	 0.020000 
-9.860000 	 0.020000 
-9.850000 	 0.020000 
-9.840000 	 0.020000 
-9.830000 	 0.020000 
-9.820000 	 0.020000 
-9.810000 	 0.020000 
-9.800000 	 0.020000 
-9.790000 	 0.020000 
-9.780000 	 0.020000 
-9.770000 	 0.020000 
-9.760000 	 0.020000 
-9.750000 	 0.020000 
-9.740000 	 0.020000 
-9.730000 	 0.020000 
-9.720000 	 0.020000 
-9.710000 	 0.020000 
-9.700000 	 0.020000 
-9.690000 	 0.020000 
-9.680000 	 0.020000 
-9.670000 	 0.020000 
-9.660000 	 0.020000 
-9.650000 	 0.020000 
-9.640000 	 0.020000 
-9.630000 	 0.020000 
-9.620000 	 0.020000 
-9.610000 	 0.020000 
-9.600000 	 0.020000 
-9.590000 	 0.020000 
-9.580000 	 0.020000 
-9.570000 	 0.019999 
-9.560000 	 0.019999 
-9.550000 	 0.019999 
-9.540000 	 0.019999 
-9.530000 	 0.019999 
-9.520000 	 0.019999 
-9.510000 	 0.019999 
-9.500000 	 0.019999 
-9.490000 	 0.019999 
-9.480000 	 0.019999 
-9.470000 	 0.019999 
-9.460000 	 0.019999 
-9.450000 	 0.019999 
-9.440000 	 0.019999 
-9.430000 	 0.019999 
-9.420000 	 0.019999 
-9.410000 	 0.019999 
-9.400000 	 0.019999 
-9.390000 	 0.019999 
-9.380000 	 0.019999 
-9.370000 	 0.019999 
-9.360000 	 0.019999 
-9.350000 	 0.019999 
-9.340000 	 0.019999 
-9.330000 	 0.019999 
-9.320000 	 0.019999 
-9.310000 	 0.019999 
-9.300000 	 0.019999 
-9.290000 	 0.019999 
-9.280000 	 0.019999 
-9.270000 	 0.019999 
-9.260000 	 0.019999 
-9.250000 	 0.019999 
-9.240000 	 0.019999 
-9.230000 	 0.019999 
-9.220000 	 0.019999 
-9.210000 	 0.019999 
-9.200000 	 0.019999 
-9.190000 	 0.019999 
-9.180000 	 0.019999 
-9.170000 	 0.019999 
-9.160000 	 0.019999 
-9.150000 	 0.019999 
-9.140000 	 0.019999 
-9.130000 	 0.019999 
-9.120000 	 0.019999 
-9.110000 	 0.019999 
-9.100000 	 0.019999 
-9.090000 	 0.019999 
-9.080000 	 0.019999 
-9.070000 	 0.019999 
-9.060000 	 0.019999 
-9.050000 	 0.019999 
-9.040000 	 0.019999 
-9.030000 	 0.019999 
-9.020000 	 0.019999 
-9.010000 	 0.019999 
-9.000000 	 0.019999 
-8.990000 	 0.019999 
-8.980000 	 0.019999 
-8.970000 	 0.019999 
-8.960000 	 0.019999 
-8.950000 	 0.019999 
-8.940000 	 0.019999 
-8.930000 	 0.019999 
-8.920000 	 0.019999 
-8.910000 	 0.019999 
-8.900000 	 0.019999 
-8.890000 	 0.019999 
-8.880000 	 0.019999 
-8.870000 	 0.019999 
-8.860000 	 0.019999 
-8.850000 	 0.019999 
-8.840000 	 0.019999 
-8.830000 	 0.019999 
-8.820000 	 0.019999 
-8.810000 	 0.019999 
-8.800000 	 0.019999 
-8.790000 	 0.019999 
-8.780000 	 0.019999 
-8.770000 	 0.019999 
-8.760000 	 0.019999 
-8.750000 	 0.019999 
-8.740000 	 0.019999 
-8.730000 	 0.019999 
-8.720000 	 0.019999 
-8.710000 	 0.019999 
-8.700000 	 0.019999 
-8.690000 	 0.019999 
-8.680000 	 0.019999 
-8.670000 	 0.019999 
-8.660000 	 0.019999 
-8.650000 	 0.019999 
-8.640000 	 0.019999 
-8.630000 	 0.019999 
-8.620000 	 0.019999 
-8.610000 	 0.019999 
-8.600000 	 0.019999 
-8.590000 	 0.019999 
-8.580000 	 0.019999 
-8.570000 	 0.019999 
-8.560000 	 0.019999 
-8.550000 	 0.019999 
-8.540000 	 0.019999 
-8.530000 	 0.019999 
-8.520000 	 0.019999 
-8.510000 	 0.019998 
-8.500000 	 0.019998 
-8.490000 	 0.019998 
-8.480000 	 0.019998 
-8.470000 	 0.019998 
-8.460000 	 0.019998 
-8.450000 	 0.019998 
-8.440000 	 0.019998 
-8.430000 	 0.019998 
-8.420000 	 0.019998 
-8.410000 	 0.019998 
-8.400000 	 0.019998 
-8.390000 	 0.019998 
-8.380000 	 0.019998 
-8.370000 	 0.019998 
-8.360000 	 0.019998 
-8.350000 	 0.019998 
-8.340000 	 0.019998 
-8.330000 	 0.019998 
-8.320000 	 0.019998 
-8.310000 	 0.019998 
-8.300000 	 0.019998 
-8.290000 	 0.019998 
-8.280000 	 0.019998 
-8.270000 	 0.019998 
-8.260000 	 0.019998 
-8.250000 	 0.019998 
-8.240000 	 0.019998 
-8.230000 	 0.019998 
-8.220000 	 0.019998 
-8.210000 	 0.019998 
-8.200000 	 0.019998 
-8.190000 	 0.019998 
-8.180000 	 0.019998 
-8.170000 	 0.019998 
-8.160000 	 0.019998 
-8.150000 	 0.019998 
-8.140000 	 0.019998 
-8.130000 	 0.019998 
-8.120000 	 0.019998 
-8.110000 	 0.019998 
-8.100000 	 0.019998 
-8.090000 	 0.019998 
-8.080000 	 0.019998 
-8.070000 	 0.019998 
-8.060000 	 0.019998 
-8.050000 	 0.019998 
-8.040000 	 0.019998 
-8.030000 	 0.019998 
-8.020000 	 0.019997 
-8.010000 	 0.019997 
-8.000000 	 0.019997 
-7.990000 	 0.019997 
-7.980000 	 0.019997 
-7.970000 	 0.019997 
-7.960000 	 0.019997 
-7.950000 	 0.019997 
-7.940000 	 0.019997 
-7.930000 	 0.019997 
-7.920000 	 0.019997 
-7.910000 	 0.019997 
-7.900000 	 0.019997 
-7.890000 	 0.019997 
-7.880000 	 0.019997 
-7.870000 	 0.019997 
-7.860000 	 0.019997 
-7.850000 	 0.019997 
-7.840000 	 0.019997 
-7.830000 	 0.019997 
-7.820000 	 0.019997 
-7.810000 	 0.019997 
-7.800000 	 0.019997 
-7.790000 	 0.019997 
-7.780000 	 0.019997 
-7.770000 	 0.019997 
-7.760000 	 0.019997 
-7.750000 	 0.019997 
-7.740000 	 0.019997 
-7.730000 	 0.019997 
-7.720000 	 0.019997 
-7.710000 	 0.019997 
-7.700000 	 0.019997 
-7.690000 	 0.019996 
-7.680000 	 0.019996 
-7.670000 	 0.019996 
-7.660000 	 0.019996 
-7.650000 	 0.019996 
-7.640000 	 0.019996 
-7.630000 	 0.019996 
-7.620000 	 0.019996 
-7.610000 	 0.019996 
-7.600000 	 0.019996 
-7.590000 	 0.019996 
-7.580000 	 0.019996 
-7.570000 	 0.019996 
-7.560000 	 0.019996 
-7.550000 	 0.019996 
-7.540000 	 0.019996 
-7.530000 	 0.019996 
-7.520000 	 0.019996 
-7.510000 	 0.019996 
-7.500000 	 0.019996 
-7.490000 	 0.019996 
-7.480000 	 0.019996 
-7.470000 	 0.019996 
-7.460000 	 0.019996 
-7.450000 	 0.019995 
-7.440000 	 0.019995 
-7.430000 	 0.019995 
-7.420000 	 0.019995 
-7.410000 	 0.019995 
-7.400000 	 0.019995 
-7.390000 	 0.019995 
-7.380000 	 0.019995 
-7.370000 	 0.019995 
-7.360000 	 0.019995 
-7.350000 	 0.019995 
-7.340000 	 0.019995 
-7.330000 	 0.019995 
-7.320000 	 0.019995 
-7.310000 	 0.019995 
-7.300000 	 0.019995 
-7.290000 	 0.019995 
-7.280000 	 0.019995 
-7.270000 	 0.019995 
-7.260000 	 0.019995 
-7.250000 	 0.019994 
-7.240000 	 0.019994 
-7.230000 	 0.019994 
-7.220000 	 0.019994 
-7.210000 	 0.019994 
-7.200000 	 0.019994 
-7.190000 	 0.019994 
-7.180000 	 0.019994 
-7.170000 	 0.019994 
-7.160000 	 0.019994 
-7.150000 	 0.019994 
-7.140000 	 0.019994 
-7.130000 	 0.019994 
-7.120000 	 0.019994 
-7.110000 	 0.019994 
-7.100000 	 0.019994 
-7.090000 	 0.019993 
-7.080000 	 0.019993 
-7.070000 	 0.019993 
-7.060000 	 0.019993 
-7.050000 	 0.019993 
-7.040000 	 0.019993 
-7.030000 	 0.019993 
-7.020000 	 0.019993 
-7.010000 	 0.019993 
-7.000000 	 0.019993 
-6.990000 	 0.019993 
-6.980000 	 0.019993 
-6.970000 	 0.019993 
-6.960000 	 0.019993 
-6.950000 	 0.019992 
-6.940000 	 0.019992 
-6.930000 	 0.019992 
-6.920000 	 0.019992 
-6.910000 	 0.019992 
-6.900000 	 0.019992 
-6.890000 	 0.019992 
-6.880000 	 0.019992 
-6.870000 	 0.019992 
-6.860000 	 0.019992 
-6.850000 	 0.019992 
-6.840000 	 0.019992 
-6.830000 	 0.019991 
-6.820000 	 0.019991 
-6.810000 	 0.019991 
-6.800000 	 0.019991 
-6.790000 	 0.019991 
-6.780000 	 0.019991 
-6.770000 	 0.019991 
-6.760000 	 0.019991 
-6.750000 	 0.019991 
-6.740000 	 0.019991 
-6.730000 	 0.019990 
-6.720000 	 0.019990 
-6.710000 	 0.019990 
-6.700000 	 0.019990 
-6.690000 	 0.019990 
-6.680000 	 0.019990 
-6.670000 	 0.019990 
-6.660000 	 0.019990 
-6.650000 	 0.019990 
-6.640000 	 0.019990 
-6.630000 	 0.019989 
-6.620000 	 0.019989 
-6.610000 	 0.019989 
-6.600000 	 0.019989 
-6.590000 	 0.019989 
-6.580000 	 0.019989 
-6.570000 	 0.019989 
-6.560000 	 0.019989 
-6.550000 	 0.019989 
-6.540000 	 0.019988 
-6.530000 	 0.019988 
-6.520000 	 0.019988 
-6.510000 	 0.019988 
-6.500000 	 0.019988 
-6.490000 	 0.019988 
-6.480000 	 0.019988 
-6.470000 	 0.019988 
-6.460000 	 0.019987 
-6.450000 	 0.019987 
-6.440000 	 0.019987 
-6.430000 	 0.019987 
-6.420000 	 0.019987 
-6.410000 	 0.019987 
-6.400000 	 0.019987 
-6.390000 	 0.019986 
-6.380000 	 0.019986 
-6.370000 	 0.019986 
-6.360000 	 0.019986 
-6.350000 	 0.019986 
-6.340000 	 0.019986 
-6.330000 	 0.019986 
-6.320000 	 0.019985 
-6.310000 	 0.019985 
-6.300000 	 0.019985 
-6.290000 	 0.019985 
-6.280000 	 0.019985 
-6.270000 	 0.019985 
-6.260000 	 0.019985 
-6.250000 	 0.019984 
-6.240000 	 0.019984 
-6.230000 	 0.019984 
-6.220000 	 0.019984 
-6.210000 	 0.019984 
-6.200000 	 0.019984 
-6.190000 	 0.019983 
-6.180000 	 0.019983 
-6.170000 	 0.019983 
-6.160000 	 0.019983 
-6.150000 	 0.019983 
-6.140000 	 0.019983 
-6.130000 	 0.019982 
-6.120000 	 0.019982 
-6.110000 	 0.019982 
-6.100000 	 0.019982 
-6.090000 	 0.019982 
-6.080000 	 0.019981 
-6.070000 	 0.019981 
-6.060000 	 0.019981 
-6.050000 	 0.019981 
-6.040000 	 0.019981 
-6.030000 	 0.019980 
-6.020000 	 0.019980 
-6.010000 	 0.019980 
-6.000000 	 0.019980 
-5.990000 	 0.019980 
-5.980000 	 0.019979 
-5.970000 	 0.019979 
-5.960000 	 0.019979 
-5.950000 	 0.019979 
-5.940000 	 0.019978 
-5.930000 	 0.019978 
-5.920000 	 0.019978 
-5.910000 	 0.019978 
-5.900000 	 0.019978 
-5.890000 	 0.019977 
-5.880000 	 0.019977 
-5.870000 	 0.019977 
-5.860000 	 0.019977 
-5.850000 	 0.019976 
-5.840000 	 0.019976 
-5.830000 	 0.019976 
-5.820000 	 0.019976 
-5.810000 	 0.019975 
-5.800000 	 0.019975 
-5.790000 	 0.019975 
-5.780000 	 0.019975 
-5.770000 	 0.019974 
-5.760000 	 0.019974 
-5.750000 	 0.019974 
-5.740000 	 0.019974 
-5.730000 	 0.019973 
-5.720000 	 0.019973 
-5.710000 	 0.019973 
-5.700000 	 0.019972 
-5.690000 	 0.019972 
-5.680000 	 0.019972 
-5.670000 	 0.019972 
-5.660000 	 0.019971 
-5.650000 	 0.019971 
-5.640000 	 0.019971 
-5.630000 	 0.019970 
-5.620000 	 0.019970 
-5.610000 	 0.019970 
-5.600000 	 0.019969 
-5.590000 	 0.019969 
-5.580000 	 0.019969 
-5.570000 	 0.019968 
-5.560000 	 0.019968 
-5.550000 	 0.019968 
-5.540000 	 0.019967 
-5.530000 	 0.019967 
-5.520000 	 0.019967 
-5.510000 	 0.019966 
-5.500000 	 0.019966 
-5.490000 	 0.019966 
-5.480000 	 0.019965 
-5.470000 	 0.019965 
-5.460000 	 0.019965 
-5.450000 	 0.019964 
-5.440000 	 0.019964 
-5.430000 	 0.019964 
-5.420000 	 0.019963 
-5.410000 	 0.019963 
-5.400000 	 0.019962 
-5.390000 	 0.019962 
-5.380000 	 0.019962 
-5.370000 	 0.019961 
-5.360000 	 0.019961 
-5.350000 	 0.019960 
-5.340000 	 0.019960 
-5.330000 	 0.019960 
-5.320000 	 0.019959 
-5.310000 	 0.019959 
-5.300000 	 0.019958 
-5.290000 	 0.019958 
-5.280000 	 0.019957 
-5.270000 	 0.019957 
-5.260000 	 0.019957 
-5.250000 	 0.019956 
-5.240000 	 0.019956 
-5.230000 	 0.019955 
-5.220000 	 0.019955 
-5.210000 	 0.019954 
-5.200000 	 0.019954 
-5.190000 	 0.019953 
-5.180000 	 0.019953 
-5.170000 	 0.019952 
-5.160000 	 0.019952 
-5.150000 	 0.019951 
-5.140000 	 0.019951 
-5.130000 	 0.019950 
-5.120000 	 0.019950 
-5.110000 	 0.019949 
-5.100000 	 0.019949 
-5.090000 	 0.019948 
-5.080000 	 0.019948 
-5.070000 	 0.019947 
-5.060000 	 0.019947 
-5.050000 	 0.019946 
-5.040000 	 0.019945 
-5.030000 	 0.019945 
-5.020000 	 0.019944 
-5.010000 	 0.019944 
-5.000000 	 0.019943 
-4.990000 	 0.019943 
-4.980000 	 0.019942 
-4.970000 	 0.019941 
-4.960000 	 0.019941 
-4.950000 	 0.019940 
-4.940000 	 0.019940 
-4.930000 	 0.019939 
-4.920000 	 0.019938 
-4.910000 	 0.019938 
-4.900000 	 0.019937 
-4.890000 	 0.019936 
-4.880000 	 0.019936 
-4.870000 	 0.019935 
-4.860000 	 0.019934 
-4.850000 	 0.019934 
-4.840000 	 0.019933 
-4.830000 	 0.019932 
-4.820000 	 0.019932 
-4.810000 	 0.019931 
-4.800000 	 0.019930 
-4.790000 	 0.019929 
-4.780000 	 0.019929 
-4.770000 	 0.019928 
-4.760000 	 0.019927 
-4.750000 	 0.019926 
-4.740000 	 0.019926 
-4.730000 	 0.019925 
-4.720000 	 0.019924 
-4.710000 	 0.019923 
-4.700000 	 0.019922 
-4.690000 	 0.019922 
-4.680000 	 0.019921 
-4.670000 	 0.019920 
-4.660000 	 0.019919 
-4.650000 	 0.019918 
-4.640000 	 0.019918 
-4.630000 	 0.019917 
-4.620000 	 0.019916 
-4.610000 	 0.019915 
-4.600000 	 0.019914 
-4.590000 	 0.019913 
-4.580000 	 0.019912 
-4.570000 	 0.019911 
-4.560000 	 0.019910 
-4.550000 	 0.019909 
-4.540000 	 0.019909 
-4.530000 	 0.019908 
-4.520000 	 0.019907 
-4.510000 	 0.019906 
-4.500000 	 0.019905 
-4.490000 	 0.019904 
-4.480000 	 0.019903 
-4.470000 	 0.019902 
-4.460000 	 0.019901 
-4.450000 	 0.019900 
-4.440000 	 0.019899 
-4.430000 	 0.019898 
-4.420000 	 0.019896 
-4.410000 	 0.019895 
-4.400000 	 0.019894 
-4.390000 	 0.019893 
-4.380000 	 0.019892 
-4.370000 	 0.019891 
-4.360000 	 0.019890 
-4.350000 	 0.019889 
-4.340000 	 0.019888 
-4.330000 	 0.019886 
-4.320000 	 0.019885 
-4.310000 	 0.019884 
-4.300000 	 0.019883 
-4.290000 	 0.019882 
-4.280000 	 0.019880 
-4.270000 	 0.019879 
-4.260000 	 0.019878 
-4.250000 	 0.019877 
-4.240000 	 0.019875 
-4.230000 	 0.019874 
-4.220000 	 0.019873 
-4.210000 	 0.019871 
-4.200000 	 0.019870 
-4.190000 	 0.019869 
-4.180000 	 0.019867 
-4.170000 	 0.019866 
-4.160000 	 0.019865 
-4.150000 	 0.019863 
-4.140000 	 0.019862 
-4.130000 	 0.019860 
-4.120000 	 0.019859 
-4.110000 	 0.019857 
-4.100000 	 0.019856 
-4.090000 	 0.019854 
-4.080000 	 0.019853 
-4.070000 	 0.019851 
-4.060000 	 0.019850 
-4.050000 	 0.019848 
-4.040000 	 0.019847 
-4.030000 	 0.019845 
-4.020000 	 0.019843 
-4.010000 	 0.019842 
-4.000000 	 0.019840 
-3.990000 	 0.019838 
-3.980000 	 0.019837 
-3.970000 	 0.019835 
-3.960000 	 0.019833 
-3.950000 	 0.019832 
-3.940000 	 0.019830 
-3.930000 	 0.019828 
-3.920000 	 0.019826 
-3.910000 	 0.019825 
-3.900000 	 0.019823 
-3.890000 	 0.019821 
-3.880000 	 0.019819 
-3.870000 	 0.019817 
-3.860000 	 0.019815 
-3.850000 	 0.019813 
-3.840000 	 0.019811 
-3.830000 	 0.019809 
-3.820000 	 0.019807 
-3.810000 	 0.019805 
-3.800000 	 0.019803 
-3.790000 	 0.019801 
-3.780000 	 0.019799 
-3.770000 	 0.019797 
-3.760000 	 0.019795 
-3.750000 	 0.019793 
-3.740000 	 0.019791 
-3.730000 	 0.019789 
-3.720000 	 0.019786 
-3.710000 	 0.019784 
-3.700000 	 0.019782 
-3.690000 	 0.019780 
-3.680000 	 0.019777 
-3.670000 	 0.019775 
-3.660000 	 0.019773 
-3.650000 	 0.019770 
-3.640000 	 0.019768 
-3.630000 	 0.019766 
-3.620000 	 0.019763 
-3.610000 	 0.019761 
-3.600000 	 0.019758 
-3.590000 	 0.019756 
-3.580000 	 0.019753 
-3.570000 	 0.019751 
-3.560000 	 0.019748 
-3.550000 	 0.019745 
-3.540000 	 0.019743 
-3.530000 	 0.019740 
-3.520000 	 0.019737 
-3.510000 	 0.019735 
-3.500000 	 0.019732 
-3.490000 	 0.019729 
-3.480000 	 0.019726 
-3.470000 	 0.019723 
-3.460000 	 0.019721 
-3.450000 	 0.019718 
-3.440000 	 0.019715 
-3.430000 	 0.019712 
-3.420000 	 0.019709 
-3.410000 	 0.019706 
-3.400000 	 0.019703 
-3.390000 	 0.019700 
-3.380000 	 0.019697 
-3.370000 	 0.019693 
-3.360000 	 0.019690 
-3.350000 	 0.019687 
-3.340000 	 0.019684 
-3.330000 	 0.019680 
-3.320000 	 0.019677 
-3.310000 	 0.019674 
-3.300000 	 0.019670 
-3.290000 	 0.019667 
-3.280000 	 0.019663 
-3.270000 	 0.019660 
-3.260000 	 0.019656 
-3.250000 	 0.019653 
-3.240000 	 0.019649 
-3.230000 	 0.019646 
-3.220000 	 0.019642 
-3.210000 	 0.019638 
-3.200000 	 0.019634 
-3.190000 	 0.019631 
-3.180000 	 0.019627 
-3.170000 	 0.019623 
-3.160000 	 0.019619 
-3.150000 	 0.019615 
-3.140000 	 0.019611 
-3.130000 	 0.019607 
-3.120000 	 0.019603 
-3.110000 	 0.019599 
-3.100000 	 0.019595 
-3.090000 	 0.019590 
-3.080000 	 0.019586 
-3.070000 	 0.019582 
-3.060000 	 0.019577 
-3.050000 	 0.019573 
-3.040000 	 0.019569 
-3.030000 	 0.019564 
-3.020000 	 0.019560 
-3.010000 	 0.019555 
-3.000000 	 0.019550 
-2.990000 	 0.019546 
-2.980000 	 0.019541 
-2.970000 	 0.019536 
-2.960000 	 0.019531 
-2.950000 	 0.019527 
-2.940000 	 0.019522 
-2.930000 	 0.019517 
-2.920000 	 0.019512 
-2.910000 	 0.019507 
-2.900000 	 0.019501 
-2.890000 	 0.019496 
-2.880000 	 0.019491 
-2.870000 	 0.019486 
-2.860000 	 0.019480 
-2.850000 	 0.019475 
-2.840000 	 0.019470 
-2.830000 	 0.019464 
-2.820000 	 0.019458 
-2.810000 	 0.019453 
-2.800000 	 0.019447 
-2.790000 	 0.019441 
-2.780000 	 0.019436 
-2.770000 	 0.019430 
-2.760000 	 0.019424 
-2.750000 	 0.019418 
-2.740000 	 0.019412 
-2.730000 	 0.019406 
-2.720000 	 0.019399 
-2.710000 	 0.019393 
-2.700000 	 0.019387 
-2.690000 	 0.019381 
-2.680000 	 0.019374 
-2.670000 	 0.019368 
-2.660000 	 0.019361 
-2.650000 	 0.019354 
-2.640000 	 0.019348 
-2.630000 	 0.019341 
-2.620000 	 0.019334 
-2.610000 	 0.019327 
-2.600000 	 0.019320 
-2.590000 	 0.019313 
-2.580000 	 0.019306 
-2.570000 	 0.019299 
-2.560000 	 0.019291 
-2.550000 	 0.019284 
-2.540000 	 0.019277 
-2.530000 	 0.019269 
-2.520000 	 0.019262 
-2.510000 	 0.019254 
-2.500000 	 0.019246 
-2.490000 	 0.019238 
-2.480000 	 0.019230 
-2.470000 	 0.019222 
-2.460000 	 0.019214 
-2.450000 	 0.019206 
-2.440000 	 0.019198 
-2.430000 	 0.019189 
-2.420000 	 0.019181 
-2.410000 	 0.019173 
-2.400000 	 0.019164 
-2.390000 	 0.019155 
-2.380000 	 0.019146 
-2.370000 	 0.019138 
-2.360000 	 0.019129 
-2.350000 	 0.019120 
-2.340000 	 0.019110 
-2.330000 	 0.019101 
-2.320000 	 0.019092 
-2.310000 	 0.019082 
-2.300000 	 0.019073 
-2.290000 	 0.019063 
-2.280000 	 0.019054 
-2.270000 	 0.019044 
-2.260000 	 0.019034 
-2.250000 	 0.019024 
-2.240000 	 0.019014 
-2.230000 	 0.019003 
-2.220000 	 0.018993 
-2.210000 	 0.018982 
-2.200000 	 0.018972 
-2.190000 	 0.018961 
-2.180000 	 0.018950 
-2.170000 	 0.018939 
-2.160000 	 0.018928 
-2.150000 	 0.018917 
-2.140000 	 0.018906 
-2.130000 	 0.018895 
-2.120000 	 0.018883 
-2.110000 	 0.018872 
-2.100000 	 0.018860 
-2.090000 	 0.018848 
-2.080000 	 0.018836 
-2.070000 	 0.018824 
-2.060000 	 0.018812 
-2.050000 	 0.018799 
-2.040000 	 0.018787 
-2.030000 	 0.018774 
-2.020000 	 0.018762 
-2.010000 	 0.018749 
-2.000000 	 0.018736 
-1.990000 	 0.018723 
-1.980000 	 0.018709 
-1.970000 	 0.018696 
-1.960000 	 0.018682 
-1.950000 	 0.018669 
-1.940000 	 0.018655 
-1.930000 	 0.018641 
-1.920000 	 0.018627 
-1.910000 	 0.018612 
-1.900000 	 0.018598 
-1.890000 	 0.018583 
-1.880000 	 0.018569 
-1.870000 	 0.018554 
-1.860000 	 0.018539 
-1.850000 	 0.018524 
-1.840000 	 0.018508 
-1.830000 	 0.018493 
-1.820000 	 0.018477 
-1.810000 	 0.018461 
-1.800000 	 0.018445 
-1.790000 	 0.018429 
-1.780000 	 0.018413 
-1.770000 	 0.018396 
-1.760000 	 0.018380 
-1.750000 	 0.018363 
-1.740000 	 0.018346 
-1.730000 	 0.018328 
-1.720000 	 0.018311 
-1.710000 	 0.018294 
-1.700000 	 0.018276 
-1.690000 	 0.018258 
-1.680000 	 0.018240 
-1.670000 	 0.018222 
-1.660000 	 0.018203 
-1.650000 	 0.018184 
-1.640000 	 0.018165 
-1.630000 	 0.018146 
-1.620000 	 0.018127 
-1.610000 	 0.018108 
-1.600000 	 0.018088 
-1.590000 	 0.018068 
-1.580000 	 0.018048 
-1.570000 	 0.018028 
-1.560000 	 0.018007 
-1.550000 	 0.017987 
-1.540000 	 0.017966 
-1.530000 	 0.017944 
-1.520000 	 0.017923 
-1.510000 	 0.017902 
-1.500000 	 0.017880 
-1.490000 	 0.017858 
-1.480000 	 0.017835 
-1.470000 	 0.017813 
-1.460000 	 0.017790 
-1.450000 	 0.017767 
-1.440000 	 0.017744 
-1.430000 	 0.017721 
-1.420000 	 0.017697 
-1.410000 	 0.017673 
-1.400000 	 0.017649 
-1.390000 	 0.017624 
-1.380000 	 0.017600 
-1.370000 	 0.017575 
-1.360000 	 0.017549 
-1.350000 	 0.017524 
-1.340000 	 0.017498 
-1.330000 	 0.017472 
-1.320000 	 0.017446 
-1.310000 	 0.017419 
-1.300000 	 0.017393 
-1.290000 	 0.017365 
-1.280000 	 0.017338 
-1.270000 	 0.017310 
-1.260000 	 0.017282 
-1.250000 	 0.017254 
-1.240000 	 0.017226 
-1.230000 	 0.017197 
-1.220000 	 0.017168 
-1.210000 	 0.017138 
-1.200000 	 0.017109 
-1.190000 	 0.017078 
-1.180000 	 0.017048 
-1.170000 	 0.017017 
-1.160000 	 0.016986 
-1.150000 	 0.016955 
-1.140000 	 0.016923 
-1.130000 	 0.016892 
-1.120000 	 0.016859 
-1.110000 	 0.016827 
-1.100000 	 0.016794 
-1.090000 	 0.016760 
-1.080000 	 0.016727 
-1.070000 	 0.016693 
-1.060000 	 0.016658 
-1.050000 	 0.016623 
-1.040000 	 0.016588 
-1.030000 	 0.016553 
-1.020000 	 0.016517 
-1.010000 	 0.016481 
-1.000000 	 0.016444 
-0.990000 	 0.016407 
-0.980000 	 0.016370 
-0.970000 	 0.016332 
-0.960000 	 0.016294 
-0.950000 	 0.016256 
-0.940000 	 0.016217 
-0.930000 	 0.016177 
-0.920000 	 0.016138 
-0.910000 	 0.016097 
-0.900000 	 0.016057 
-0.890000 	 0.016016 
-0.880000 	 0.015975 
-0.870000 	 0.015933 
-0.860000 	 0.015890 
-0.850000 	 0.015848 
-0.840000 	 0.015805 
-0.830000 	 0.015761 
-0.820000 	 0.015717 
-0.810000 	 0.015672 
-0.800000 	 0.015627 
-0.790000 	 0.015582 
-0.780000 	 0.015536 
-0.770000 	 0.015490 
-0.760000 	 0.015443 
-0.750000 	 0.015395 
-0.740000 	 0.015347 
-0.730000 	 0.015299 
-0.720000 	 0.015250 
-0.710000 	 0.015201 
-0.700000 	 0.015151 
-0.690000 	 0.015101 
-0.680000 	 0.015050 
-0.670000 	 0.014998 
-0.660000 	 0.014946 
-0.650000 	 0.014894 
-0.640000 	 0.014841 
-0.630000 	 0.014787 
-0.620000 	 0.014733 
-0.610000 	 0.014678 
-0.600000 	 0.014623 
-0.590000 	 0.014567 
-0.580000 	 0.014510 
-0.570000 	 0.014453 
-0.560000 	 0.014396 
-0.550000 	 0.014337 
-0.540000 	 0.014279 
-0.530000 	 0.014219 
-0.520000 	 0.014159 
-0.510000 	 0.014098 
-0.500000 	 0.014037 
-0.490000 	 0.013975 
-0.480000 	 0.013912 
-0.470000 	 0.013849 
-0.460000 	 0.013785 
-0.450000 	 0.013721 
-0.440000 	 0.013655 
-0.430000 	 0.013589 
-0.420000 	 0.013523 
-0.410000 	 0.013455 
-0.400000 	 0.013387 
-0.390000 	 0.013319 
-0.380000 	 0.013249 
-0.370000 	 0.013179 
-0.360000 	 0.013108 
-0.350000 	 0.013037 
-0.340000 	 0.012964 
-0.330000 	 0.012891 
-0.320000 	 0.012817 
-0.310000 	 0.012742 
-0.300000 	 0.012667 
-0.290000 	 0.012591 
-0.280000 	 0.012514 
-0.270000 	 0.012436 
-0.260000 	 0.012357 
-0.250000 	 0.012278 
-0.240000 	 0.012198 
-0.230000 	 0.012117 
-0.220000 	 0.012035 
-0.210000 	 0.011952 
-0.200000 	 0.011868 
-0.190000 	 0.011784 
-0.180000 	 0.011698 
-0.170000 	 0.011612 
-0.160000 	 0.011525 
-0.150000 	 0.011437 
-0.140000 	 0.011348 
-0.130000 	 0.011258 
-0.120000 	 0.011167 
-0.110000 	 0.011075 
-0.100000 	 0.010982 
-0.090000 	 0.010889 
-0.080000 	 0.010794 
-0.070000 	 0.010698 
-0.060000 	 0.010602 
-0.050000 	 0.010504 
-0.040000 	 0.010405 
-0.030000 	 0.010305 
-0.020000 	 0.010205 
-0.010000 	 0.010103 
0.000000 	 0.010000 
0.010000 	 0.009897 
0.020000 	 0.009795 
0.030000 	 0.009695 
0.040000 	 0.009595 
0.050000 	 0.009496 
0.060000 	 0.009398 
0.070000 	 0.009302 
0.080000 	 0.009206 
0.090000 	 0.009111 
0.100000 	 0.009018 
0.110000 	 0.008925 
0.120000 	 0.008833 
0.130000 	 0.008742 
0.140000 	 0.008652 
0.150000 	 0.008563 
0.160000 	 0.008475 
0.170000 	 0.008388 
0.180000 	 0.008302 
0.190000 	 0.008216 
0.200000 	 0.008132 
0.210000 	 0.008048 
0.220000 	 0.007965 
0.230000 	 0.007883 
0.240000 	 0.007802 
0.250000 	 0.007722 
0.260000 	 0.007643 
0.270000 	 0.007564 
0.280000 	 0.007486 
0.290000 	 0.007409 
0.300000 	 0.007333 
0.310000 	 0.007258 
0.320000 	 0.007183 
0.330000 	 0.007109 
0.340000 	 0.007036 
0.350000 	 0.006963 
0.360000 	 0.006892 
0.370000 	 0.006821 
0.380000 	 0.006751 
0.390000 	 0.006681 
0.400000 	 0.006613 
0.410000 	 0.006545 
0.420000 	 0.006477 
0.430000 	 0.006411 
0.440000 	 0.006345 
0.450000 	 0.006279 
0.460000 	 0.006215 
0.470000 	 0.006151 
0.480000 	 0.006088 
0.490000 	 0.006025 
0.500000 	 0.005963 
0.510000 	 0.005902 
0.520000 	 0.005841 
0.530000 	 0.005781 
0.540000 	 0.005721 
0.550000 	 0.005663 
0.560000 	 0.005604 
0.570000 	 0.005547 
0.580000 	 0.005490 
0.590000 	 0.005433 
0.600000 	 0.005377 
0.610000 	 0.005322 
0.620000 	 0.005267 
0.630000 	 0.005213 
0.640000 	 0.005159 
0.650000 	 0.005106 
0.660000 	 0.005054 
0.670000 	 0.005002 
0.680000 	 0.004950 
0.690000 	 0.004899 
0.700000 	 0.004849 
0.710000 	 0.004799 
0.720000 	 0.004750 
0.730000 	 0.004701 
0.740000 	 0.004653 
0.750000 	 0.004605 
0.760000 	 0.004557 
0.770000 	 0.004510 
0.780000 	 0.004464 
0.790000 	 0.004418 
0.800000 	 0.004373 
0.810000 	 0.004328 
0.820000 	 0.004283 
0.830000 	 0.004239 
0.840000 	 0.004195 
0.850000 	 0.004152 
0.860000 	 0.004110 
0.870000 	 0.004067 
0.880000 	 0.004025 
0.890000 	 0.003984 
0.900000 	 0.003943 
0.910000 	 0.003903 
0.920000 	 0.003862 
0.930000 	 0.003823 
0.940000 	 0.003783 
0.950000 	 0.003744 
0.960000 	 0.003706 
0.970000 	 0.003668 
0.980000 	 0.003630 
0.990000 	 0.003593 
1.000000 	 0.003556 
1.010000 	 0.003519 
1.020000 	 0.003483 
1.030000 	 0.003447 
1.040000 	 0.003412 
1.050000 	 0.003377 
1.060000 	 0.003342 
1.070000 	 0.003307 
1.080000 	 0.003273 
1.090000 	 0.003240 
1.100000 	 0.003206 
1.110000 	 0.003173 
1.120000 	 0.003141 
1.130000 	 0.003108 
1.140000 	 0.003077 
1.150000 	 0.003045 
1.160000 	 0.003014 
1.170000 	 0.002983 
1.180000 	 0.002952 
1.190000 	 0.002922 
1.200000 	 0.002891 
1.210000 	 0.002862 
1.220000 	 0.002832 
1.230000 	 0.002803 
1.240000 	 0.002774 
1.250000 	 0.002746 
1.260000 	 0.002718 
1.270000 	 0.002690 
1.280000 	 0.002662 
1.290000 	 0.002635 
1.300000 	 0.002607 
1.310000 	 0.002581 
1.320000 	 0.002554 
1.330000 	 0.002528 
1.340000 	 0.002502 
1.350000 	 0.002476 
1.360000 	 0.002451 
1.370000 	 0.002425 
1.380000 	 0.002400 
1.390000 	 0.002376 
1.400000 	 0.002351 
1.410000 	 0.002327 
1.420000 	 0.002303 
1.430000 	 0.002279 
1.440000 	 0.002256 
1.450000 	 0.002233 
1.460000 	 0.002210 
1.470000 	 0.002187 
1.480000 	 0.002165 
1.490000 	 0.002142 
1.500000 	 0.002120 
1.510000 	 0.002098 
1.520000 	 0.002077 
1.530000 	 0.002056 
1.540000 	 0.002034 
1.550000 	 0.002013 
1.560000 	 0.001993 
1.570000 	 0.001972 
1.580000 	 0.001952 
1.590000 	 0.001932 
1.600000 	 0.001912 
1.610000 	 0.001892 
1.620000 	 0.001873 
1.630000 	 0.001854 
1.640000 	 0.001835 
1.650000 	 0.001816 
1.660000 	 0.001797 
1.670000 	 0.001778 
1.680000 	 0.001760 
1.690000 	 0.001742 
1.700000 	 0.001724 
1.710000 	 0.001706 
1.720000 	 0.001689 
1.730000 	 0.001672 
1.740000 	 0.001654 
1.750000 	 0.001637 
1.760000 	 0.001620 
1.770000 	 0.001604 
1.780000 	 0.001587 
1.790000 	 0.001571 
1.800000 	 0.001555 
1.810000 	 0.001539 
1.820000 	 0.001523 
1.830000 	 0.001507 
1.840000 	 0.001492 
1.850000 	 0.001476 
1.860000 	 0.001461 
1.870000 	 0.001446 
1.880000 	 0.001431 
1.890000 	 0.001417 
1.900000 	 0.001402 
1.910000 	 0.001388 
1.920000 	 0.001373 
1.930000 	 0.001359 
1.940000 	 0.001345 
1.950000 	 0.001331 
1.960000 	 0.001318 
1.970000 	 0.001304 
1.980000 	 0.001291 
1.990000 	 0.001277 
2.000000 	 0.001264 
2.010000 	 0.001251 
2.020000 	 0.001238 
2.030000 	 0.001226 
2.040000 	 0.001213 
2.050000 	 0.001201 
2.060000 	 0.001188 
2.070000 	 0.001176 
2.080000 	 0.001164 
2.090000 	 0.001152 
2.100000 	 0.001140 
2.110000 	 0.001128 
2.120000 	 0.001117 
2.130000 	 0.001105 
2.140000 	 0.001094 
2.150000 	 0.001083 
2.160000 	 0.001072 
2.170000 	 0.001061 
2.180000 	 0.001050 
2.190000 	 0.001039 
2.200000 	 0.001028 
2.210000 	 0.001018 
2.220000 	 0.001007 
2.230000 	 0.000997 
2.240000 	 0.000986 
2.250000 	 0.000976 
2.260000 	 0.000966 
2.270000 	 0.000956 
2.280000 	 0.000946 
2.290000 	 0.000937 
2.300000 	 0.000927 
2.310000 	 0.000918 
2.320000 	 0.000908 
2.330000 	 0.000899 
2.340000 	 0.000890 
2.350000 	 0.000880 
2.360000 	 0.000871 
2.370000 	 0.000862 
2.380000 	 0.000854 
2.390000 	 0.000845 
2.400000 	 0.000836 
2.410000 	 0.000827 
2.420000 	 0.000819 
2.430000 	 0.000811 
2.440000 	 0.000802 
2.450000 	 0.000794 
2.460000 	 0.000786 
2.470000 	 0.000778 
2.480000 	 0.000770 
2.490000 	 0.000762 
2.500000 	 0.000754 
2.510000 	 0.000746 
2.520000 	 0.000738 
2.530000 	 0.000731 
2.540000 	 0.000723 
2.550000 	 0.000716 
2.560000 	 0.000709 
2.570000 	 0.000701 
2.580000 	 0.000694 
2.590000 	 0.000687 
2.600000 	 0.000680 
2.610000 	 0.000673 
2.620000 	 0.000666 
2.630000 	 0.000659 
2.640000 	 0.000652 
2.650000 	 0.000646 
2.660000 	 0.000639 
2.670000 	 0.000632 
2.680000 	 0.000626 
2.690000 	 0.000619 
2.700000 	 0.000613 
2.710000 	 0.000607 
2.720000 	 0.000601 
2.730000 	 0.000594 
2.740000 	 0.000588 
2.750000 	 0.000582 
2.760000 	 0.000576 
2.770000 	 0.000570 
2.780000 	 0.000564 
2.790000 	 0.000559 
2.800000 	 0.000553 
2.810000 	 0.000547 
2.820000 	 0.000542 
2.830000 	 0.000536 
2.840000 	 0.000530 
2.850000 	 0.000525 
2.860000 	 0.000520 
2.870000 	 0.000514 
2.880000 	 0.000509 
2.890000 	 0.000504 
2.900000 	 0.000499 
2.910000 	 0.000493 
2.920000 	 0.000488 
2.930000 	 0.000483 
2.940000 	 0.000478 
2.950000 	 0.000473 
2.960000 	 0.000469 
2.970000 	 0.000464 
2.980000 	 0.000459 
2.990000 	 0.000454 
3.000000 	 0.000450 
3.010000 	 0.000445 
3.020000 	 0.000440 
3.030000 	 0.000436 
3.040000 	 0.000431 
3.050000 	 0.000427 
3.060000 	 0.000423 
3.070000 	 0.000418 
3.080000 	 0.000414 
3.090000 	 0.000410 
3.100000 	 0.000405 
3.110000 	 0.000401 
3.120000 	 0.000397 
3.130000 	 0.000393 
3.140000 	 0.000389 
3.150000 	 0.000385 
3.160000 	 0.000381 
3.170000 	 0.000377 
3.180000 	 0.000373 
3.190000 	 0.000369 
3.200000 	 0.000366 
3.210000 	 0.000362 
3.220000 	 0.000358 
3.230000 	 0.000354 
3.240000 	 0.000351 
3.250000 	 0.000347 
3.260000 	 0.000344 
3.270000 	 0.000340 
3.280000 	 0.000337 
3.290000 	 0.000333 
3.300000 	 0.000330 
3.310000 	 0.000326 
3.320000 	 0.000323 
3.330000 	 0.000320 
3.340000 	 0.000316 
3.350000 	 0.000313 
3.360000 	 0.000310 
3.370000 	 0.000307 
3.380000 	 0.000303 
3.390000 	 0.000300 
3.400000 	 0.000297 
3.410000 	 0.000294 
3.420000 	 0.000291 
3.430000 	 0.000288 
3.440000 	 0.000285 
3.450000 	 0.000282 
3.460000 	 0.000279 
3.470000 	 0.000277 
3.480000 	 0.000274 
3.490000 	 0.000271 
3.500000 	 0.000268 
3.510000 	 0.000265 
3.520000 	 0.000263 
3.530000 	 0.000260 
3.540000 	 0.000257 
3.550000 	 0.000255 
3.560000 	 0.000252 
3.570000 	 0.000249 
3.580000 	 0.000247 
3.590000 	 0.000244 
3.600000 	 0.000242 
3.610000 	 0.000239 
3.620000 	 0.000237 
3.630000 	 0.000234 
3.640000 	 0.000232 
3.650000 	 0.000230 
3.660000 	 0.000227 
3.670000 	 0.000225 
3.680000 	 0.000223 
3.690000 	 0.000220 
3.700000 	 0.000218 
3.710000 	 0.000216 
3.720000 	 0.000214 
3.730000 	 0.000211 
3.740000 	 0.000209 
3.750000 	 0.000207 
3.760000 	 0.000205 
3.770000 	 0.000203 
3.780000 	 0.000201 
3.790000 	 0.000199 
3.800000 	 0.000197 
3.810000 	 0.000195 
3.820000 	 0.000193 
3.830000 	 0.000191 
3.840000 	 0.000189 
3.850000 	 0.000187 
3.860000 	 0.000185 
3.870000 	 0.000183 
3.880000 	 0.000181 
3.890000 	 0.000179 
3.900000 	 0.000177 
3.910000 	 0.000175 
3.920000 	 0.000174 
3.930000 	 0.000172 
3.940000 	 0.000170 
3.950000 	 0.000168 
3.960000 	 0.000167 
3.970000 	 0.000165 
3.980000 	 0.000163 
3.990000 	 0.000162 
4.000000 	 0.000160 
4.010000 	 0.000158 
4.020000 	 0.000157 
4.030000 	 0.000155 
4.040000 	 0.000153 
4.050000 	 0.000152 
4.060000 	 0.000150 
4.070000 	 0.000149 
4.080000 	 0.000147 
4.090000 	 0.000146 
4.100000 	 0.000144 
4.110000 	 0.000143 
4.120000 	 0.000141 
4.130000 	 0.000140 
4.140000 	 0.000138 
4.150000 	 0.000137 
4.160000 	 0.000135 
4.170000 	 0.000134 
4.180000 	 0.000133 
4.190000 	 0.000131 
4.200000 	 0.000130 
4.210000 	 0.000129 
4.220000 	 0.000127 
4.230000 	 0.000126 
4.240000 	 0.000125 
4.250000 	 0.000123 
4.260000 	 0.000122 
4.270000 	 0.000121 
4.280000 	 0.000120 
4.290000 	 0.000118 
4.300000 	 0.000117 
4.310000 	 0.000116 
4.320000 	 0.000115 
4.330000 	 0.000114 
4.340000 	 0.000112 
4.350000 	 0.000111 
4.360000 	 0.000110 
4.370000 	 0.000109 
4.380000 	 0.000108 
4.390000 	 0.000107 
4.400000 	 0.000106 
4.410000 	 0.000105 
4.420000 	 0.000104 
4.430000 	 0.000102 
4.440000 	 0.000101 
4.450000 	 0.000100 
4.460000 	 0.000099 
4.470000 	 0.000098 
4.480000 	 0.000097 
4.490000 	 0.000096 
4.500000 	 0.000095 
4.510000 	 0.000094 
4.520000 	 0.000093 
4.530000 	 0.000092 
4.540000 	 0.000091 
4.550000 	 0.000091 
4.560000 	 0.000090 
4.570000 	 0.000089 
4.580000 	 0.000088 
4.590000 	 0.000087 
4.600000 	 0.000086 
4.610000 	 0.000085 
4.620000 	 0.000084 
4.630000 	 0.000083 
4.640000 	 0.000082 
4.650000 	 0.000082 
4.660000 	 0.000081 
4.670000 	 0.000080 
4.680000 	 0.000079 
4.690000 	 0.000078 
4.700000 	 0.000078 
4.710000 	 0.000077 
4.720000 	 0.000076 
4.730000 	 0.000075 
4.740000 	 0.000074 
4.750000 	 0.000074 
4.760000 	 0.000073 
4.770000 	 0.000072 
4.780000 	 0.000071 
4.790000 	 0.000071 
4.800000 	 0.000070 
4.810000 	 0.000069 
4.820000 	 0.000068 
4.830000 	 0.000068 
4.840000 	 0.000067 
4.850000 	 0.000066 
4.860000 	 0.000066 
4.870000 	 0.000065 
4.880000 	 0.000064 
4.890000 	 0.000064 
4.900000 	 0.000063 
4.910000 	 0.000062 
4.920000 	 0.000062 
4.930000 	 0.000061 
4.940000 	 0.000060 
4.950000 	 0.000060 
4.960000 	 0.000059 
4.970000 	 0.000059 
4.980000 	 0.000058 
4.990000 	 0.000057 
5.000000 	 0.000057 
5.010000 	 0.000056 
5.020000 	 0.000056 
5.030000 	 0.000055 
5.040000 	 0.000055 
5.050000 	 0.000054 
5.060000 	 0.000053 
5.070000 	 0.000053 
5.080000 	 0.000052 
5.090000 	 0.000052 
5.100000 	 0.000051 
5.110000 	 0.000051 
5.120000 	 0.000050 
5.130000 	 0.000050 
5.140000 	 0.000049 
5.150000 	 0.000049 
5.160000 	 0.000048 
5.170000 	 0.000048 
5.180000 	 0.000047 
5.190000 	 0.000047 
5.200000 	 0.000046 
5.210000 	 0.000046 
5.220000 	 0.000045 
5.230000 	 0.000045 
5.240000 	 0.000044 
5.250000 	 0.000044 
5.260000 	 0.000043 
5.270000 	 0.000043 
5.280000 	 0.000043 
5.290000 	 0.000042 
5.300000 	 0.000042 
5.310000 	 0.000041 
5.320000 	 0.000041 
5.330000 	 0.000040 
5.340000 	 0.000040 
5.350000 	 0.000040 
5.360000 	 0.000039 
5.370000 	 0.000039 
5.380000 	 0.000038 
5.390000 	 0.000038 
5.400000 	 0.000038 
5.410000 	 0.000037 
5.420000 	 0.000037 
5.430000 	 0.000036 
5.440000 	 0.000036 
5.450000 	 0.000036 
5.460000 	 0.000035 
5.470000 	 0.000035 
5.480000 	 0.000035 
5.490000 	 0.000034 
5.500000 	 0.000034 
5.510000 	 0.000034 
5.520000 	 0.000033 
5.530000 	 0.000033 
5.540000 	 0.000033 
5.550000 	 0.000032 
5.560000 	 0.000032 
5.570000 	 0.000032 
5.580000 	 0.000031 
5.590000 	 0.000031 
5.600000 	 0.000031 
5.610000 	 0.000030 
5.620000 	 0.000030 
5.630000 	 0.000030 
5.640000 	 0.000029 
5.650000 	 0.000029 
5.660000 	 0.000029 
5.670000 	 0.000028 
5.680000 	 0.000028 
5.690000 	 0.000028 
5.700000 	 0.000028 
5.710000 	 0.000027 
5.720000 	 0.000027 
5.730000 	 0.000027 
5.740000 	 0.000026 
5.750000 	 0.000026 
5.760000 	 0.000026 
5.770000 	 0.000026 
5.780000 	 0.000025 
5.790000 	 0.000025 
5.800000 	 0.000025 
5.810000 	 0.000025 
5.820000 	 0.000024 
5.830000 	 0.000024 
5.840000 	 0.000024 
5.850000 	 0.000024 
5.860000 	 0.000023 
5.870000 	 0.000023 
5.880000 	 0.000023 
5.890000 	 0.000023 
5.900000 	 0.000022 
5.910000 	 0.000022 
5.920000 	 0.000022 
5.930000 	 0.000022 
5.940000 	 0.000022 
5.950000 	 0.000021 
5.960000 	 0.000021 
5.970000 	 0.000021 
5.980000 	 0.000021 
5.990000 	 0.000020 
6.000000 	 0.000020 
6.010000 	 0.000020 
6.020000 	 0.000020 
6.030000 	 0.000020 
6.040000 	 0.000019 
6.050000 	 0.000019 
6.060000 	 0.000019 
6.070000 	 0.000019 
6.080000 	 0.000019 
6.090000 	 0.000018 
6.100000 	 0.000018 
6.110000 	 0.000018 
6.120000 	 0.000018 
6.130000 	 0.000018 
6.140000 	 0.000017 
6.150000 	 0.000017 
6.160000 	 0.000017 
6.170000 	 0.000017 
6.180000 	 0.000017 
6.190000 	 0.000017 
6.200000 	 0.000016 
6.210000 	 0.000016 
6.220000 	 0.000016 
6.230000 	 0.000016 
6.240000 	 0.000016 
6.250000 	 0.000016 
6.260000 	 0.000015 
6.270000 	 0.000015 
6.280000 	 0.000015 
6.290000 	 0.000015 
6.300000 	 0.000015 
6.310000 	 0.000015 
6.320000 	 0.000015 
6.330000 	 0.000014 
6.340000 	 0.000014 
6.350000 	 0.000014 
6.360000 	 0.000014 
6.370000 	 0.000014 
6.380000 	 0.000014 
6.390000 	 0.000014 
6.400000 	 0.000013 
6.410000 	 0.000013 
6.420000 	 0.000013 
6.430000 	 0.000013 
6.440000 	 0.000013 
6.450000 	 0.000013 
6.460000 	 0.000013 
6.470000 	 0.000012 
6.480000 	 0.000012 
6.490000 	 0.000012 
6.500000 	 0.000012 
6.510000 	 0.000012 
6.520000 	 0.000012 
6.530000 	 0.000012 
6.540000 	 0.000012 
6.550000 	 0.000011 
6.560000 	 0.000011 
6.570000 	 0.000011 
6.580000 	 0.000011 
6.590000 	 0.000011 
6.600000 	 0.000011 
6.610000 	 0.000011 
6.620000 	 0.000011 
6.630000 	 0.000011 
6.640000 	 0.000010 
6.650000 	 0.000010 
6.660000 	 0.000010 
6.670000 	 0.000010 
6.680000 	 0.000010 
6.690000 	 0.000010 
6.700000 	 0.000010 
6.710000 	 0.000010 
6.720000 	 0.000010 
6.730000 	 0.000010 
6.740000 	 0.000009 
6.750000 	 0.000009 
6.760000 	 0.000009 
6.770000 	 0.000009 
6.780000 	 0.000009 
6.790000 	 0.000009 
6.800000 	 0.000009 
6.810000 	 0.000009 
6.820000 	 0.000009 
6.830000 	 0.000009 
6.840000 	 0.000008 
6.850000 	 0.000008 
6.860000 	 0.000008 
6.870000 	 0.000008 
6.880000 	 0.000008 
6.890000 	 0.000008 
6.900000 	 0.000008 
6.910000 	 0.000008 
6.920000 	 0.000008 
6.930000 	 0.000008 
6.940000 	 0.000008 
6.950000 	 0.000008 
6.960000 	 0.000007 
6.970000 	 0.000007 
6.980000 	 0.000007 
6.990000 	 0.000007 
7.000000 	 0.000007 
7.010000 	 0.000007 
7.020000 	 0.000007 
7.030000 	 0.000007 
7.040000 	 0.000007 
7.050000 	 0.000007 
7.060000 	 0.000007 
7.070000 	 0.000007 
7.080000 	 0.000007 
7.090000 	 0.000007 
7.100000 	 0.000006 
7.110000 	 0.000006 
7.120000 	 0.000006 
7.130000 	 0.000006 
7.140000 	 0.000006 
7.150000 	 0.000006 
7.160000 	 0.000006 
7.170000 	 0.000006 
7.180000 	 0.000006 
7.190000 	 0.000006 
7.200000 	 0.000006 
7.210000 	 0.000006 
7.220000 	 0.000006 
7.230000 	 0.000006 
7.240000 	 0.000006 
7.250000 	 0.000006 
7.260000 	 0.000005 
7.270000 	 0.000005 
7.280000 	 0.000005 
7.290000 	 0.000005 
7.300000 	 0.000005 
7.310000 	 0.000005 
7.320000 	 0.000005 
7.330000 	 0.000005 
7.340000 	 0.000005 
7.350000 	 0.000005 
7.360000 	 0.000005 
7.370000 	 0.000005 
7.380000 	 0.000005 
7.390000 	 0.000005 
7.400000 	 0.000005 
7.410000 	 0.000005 
7.420000 	 0.000005 
7.430000 	 0.000005 
7.440000 	 0.000005 
7.450000 	 0.000005 
7.460000 	 0.000004 
7.470000 	 0.000004 
7.480000 	 0.000004 
7.490000 	 0.000004 
7.500000 	 0.000004 
7.510000 	 0.000004 
7.520000 	 0.000004 
7.530000 	 0.000004 
7.540000 	 0.000004 
7.550000 	 0.000004 
7.560000 	 0.000004 
7.570000 	 0.000004 
7.580000 	 0.000004 
7.590000 	 0.000004 
7.600000 	 0.000004 
7.610000 	 0.000004 
7.620000 	 0.000004 
7.630000 	 0.000004 
7.640000 	 0.000004 
7.650000 	 0.000004 
7.660000 	 0.000004 
7.670000 	 0.000004 
7.680000 	 0.000004 
7.690000 	 0.000004 
7.700000 	 0.000003 
7.710000 	 0.000003 
7.720000 	 0.000003 
7.730000 	 0.000003 
7.740000 	 0.000003 
7.750000 	 0.000003 
7.760000 	 0.000003 
7.770000 	 0.000003 
7.780000 	 0.000003 
7.790000 	 0.000003 
7.800000 	 0.000003 
7.810000 	 0.000003 
7.820000 	 0.000003 
7.830000 	 0.000003 
7.840000 	 0.000003 
7.850000 	 0.000003 
7.860000 	 0.000003 
7.870000 	 0.000003 
7.880000 	 0.000003 
7.890000 	 0.000003 
7.900000 	 0.000003 
7.910000 	 0.000003 
7.920000 	 0.000003 
7.930000 	 0.000003 
7.940000 	 0.000003 
7.950000 	 0.000003 
7.960000 	 0.000003 
7.970000 	 0.000003 
7.980000 	 0.000003 
7.990000 	 0.000003 
8.000000 	 0.000003 
8.010000 	 0.000003 
8.020000 	 0.000003 
8.030000 	 0.000002 
8.040000 	 0.000002 
8.050000 	 0.000002 
8.060000 	 0.000002 
8.070000 	 0.000002 
8.080000 	 0.000002 
8.090000 	 0.000002 
8.100000 	 0.000002 
8.110000 	 0.000002 
8.120000 	 0.000002 
8.130000 	 0.000002 
8.140000 	 0.000002 
8.150000 	 0.000002 
8.160000 	 0.000002 
8.170000 	 0.000002 
8.180000 	 0.000002 
8.190000 	 0.000002 
8.200000 	 0.000002 
8.210000 	 0.000002 
8.220000 	 0.000002 
8.230000 	 0.000002 
8.240000 	 0.000002 
8.250000 	 0.000002 
8.260000 	 0.000002 
8.270000 	 0.000002 
8.280000 	 0.000002 
8.290000 	 0.000002 
8.300000 	 0.000002 
8.310000 	 0.000002 
8.320000 	 0.000002 
8.330000 	 0.000002 
8.340000 	 0.000002 
8.350000 	 0.000002 
8.360000 	 0.000002 
8.370000 	 0.000002 
8.380000 	 0.000002 
8.390000 	 0.000002 
8.400000 	 0.000002 
8.410000 	 0.000002 
8.420000 	 0.000002 
8.430000 	 0.000002 
8.440000 	 0.000002 
8.450000 	 0.000002 
8.460000 	 0.000002 
8.470000 	 0.000002 
8.480000 	 0.000002 
8.490000 	 0.000002 
8.500000 	 0.000002 
8.510000 	 0.000002 
8.520000 	 0.000001 
8.530000 	 0.000001 
8.540000 	 0.000001 
8.550000 	 0.000001 
8.560000 	 0.000001 
8.570000 	 0.000001 
8.580000 	 0.000001 
8.590000 	 0.000001 
8.600000 	 0.000001 
8.610000 	 0.000001 
8.620000 	 0.000001 
8.630000 	 0.000001 
8.640000 	 0.000001 
8.650000 	 0.000001 
8.660000 	 0.000001 
8.670000 	 0.000001 
8.680000 	 0.000001 
8.690000 	 0.000001 
8.700000 	 0.000001 
8.710000 	 0.000001 
8.720000 	 0.000001 
8.730000 	 0.000001 
8.740000 	 0.000001 
8.750000 	 0.000001 
8.760000 	 0.000001 
8.770000 	 0.000001 
8.780000 	 0.000001 
8.790000 	 0.000001 
8.800000 	 0.000001 
8.810000 	 0.000001 
8.820000 	 0.000001 
8.830000 	 0.000001 
8.840000 	 0.000001 
8.850000 	 0.000001 
8.860000 	 0.000001 
8.870000 	 0.000001 
8.880000 	 0.000001 
8.890000 	 0.000001 
8.900000 	 0.000001 
8.910000 	 0.000001 
8.920000 	 0.000001 
8.930000 	 0.000001 
8.940000 	 0.000001 
8.950000 	 0.000001 
8.960000 	 0.000001 
8.970000 	 0.000001 
8.980000 	 0.000001 
8.990000 	 0.000001 
9.000000 	 0.000001 
9.010000 	 0.000001 
9.020000 	 0.000001 
9.030000 	 0.000001 
9.040000 	 0.000001 
9.050000 	 0.000001 
9.060000 	 0.000001 
9.070000 	 0.000001 
9.080000 	 0.000001 
9.090000 	 0.000001 
9.100000 	 0.000001 
9.110000 	 0.000001 
9.120000 	 0.000001 
9.130000 	 0.000001 
9.140000 	 0.000001 
9.150000 	 0.000001 
9.160000 	 0.000001 
9.170000 	 0.000001 
9.180000 	 0.000001 
9.190000 	 0.000001 
9.200000 	 0.000001 
9.210000 	 0.000001 
9.220000 	 0.000001 
9.230000 	 0.000001 
9.240000 	 0.000001 
9.250000 	 0.000001 
9.260000 	 0.000001 
9.270000 	 0.000001 
9.280000 	 0.000001 
9.290000 	 0.000001 
9.300000 	 0.000001 
9.310000 	 0.000001 
9.320000 	 0.000001 
9.330000 	 0.000001 
9.340000 	 0.000001 
9.350000 	 0.000001 
9.360000 	 0.000001 
9.370000 	 0.000001 
9.380000 	 0.000001 
9.390000 	 0.000001 
9.400000 	 0.000001 
9.410000 	 0.000001 
9.420000 	 0.000001 
9.430000 	 0.000001 
9.440000 	 0.000001 
9.450000 	 0.000001 
9.460000 	 0.000001 
9.470000 	 0.000001 
9.480000 	 0.000001 
9.490000 	 0.000001 
9.500000 	 0.000001 
9.510000 	 0.000001 
9.520000 	 0.000001 
9.530000 	 0.000001 
9.540000 	 0.000001 
9.550000 	 0.000001 
9.560000 	 0.000001 
9.570000 	 0.000001 
9.580000 	 0.000000 
9.590000 	 0.000000 
9.600000 	 0.000000 
9.610000 	 0.000000 
9.620000 	 0.000000 
9.630000 	 0.000000 
9.640000 	 0.000000 
9.650000 	 0.000000 
9.660000 	 0.000000 
9.670000 	 0.000000 
9.680000 	 0.000000 
9.690000 	 0.000000 
9.700000 	 0.000000 
9.710000 	 0.000000 
9.720000 	 0.000000 
9.730000 	 0.000000 
9.740000 	 0.000000 
9.750000 	 0.000000 
9.760000 	 0.000000 
9.770000 	 0.000000 
9.780000 	 0.000000 
9.790000 	 0.000000 
9.800000 	 0.000000 
9.810000 	 0.000000 
9.820000 	 0.000000 
9.830000 	 0.000000 
9.840000 	 0.000000 
9.850000 	 0.000000 
9.860000 	 0.000000 
9.870000 	 0.000000 
9.880000 	 0.000000 
9.890000 	 0.000000 
9.900000 	 0.000000 
9.910000 	 0.000000 
9.920000 	 0.000000 
9.930000 	 0.000000 
9.940000 	 0.000000 
9.950000 	 0.000000 
9.960000 	 0.000000 
9.970000 	 0.000000 
9.980000 	 0.000000 
9.990000 	 0.000000 
10.000000 	 0.000000 
10.010000 	 0.000000 
10.020000 	 0.000000 
10.030000 	 0.000000 
10.040000 	 0.000000 
10.050000 	 0.000000 
10.060000 	 0.000000 
10.070000 	 0.000000 
10.080000 	 0.000000 
10.090000 	 0.000000 
10.100000 	 0.000000 
10.110000 	 0.000000 
10.120000 	 0.000000 
10.130000 	 0.000000 
10.140000 	 0.000000 
10.150000 	 0.000000 
10.160000 	 0.000000 
10.170000 	 0.000000 
10.180000 	 0.000000 
10.190000 	 0.000000 
10.200000 	 0.000000 
10.210000 	 0.000000 
10.220000 	 0.000000 
10.230000 	 0.000000 
10.240000 	 0.000000 
10.250000 	 0.000000 
10.260000 	 0.000000 
10.270000 	 0.000000 
10.280000 	 0.000000 
10.290000 	 0.000000 
10.300000 	 0.000000 
10.310000 	 0.000000 
10.320000 	 0.000000 
10.330000 	 0.000000 
10.340000 	 0.000000 
10.350000 	 0.000000 
10.360000 	 0.000000 
10.370000 	 0.000000 
10.380000 	 0.000000 
10.390000 	 0.000000 
10.400000 	 0.000000 
10.410000 	 0.000000 
10.420000 	 0.000000 
10.430000 	 0.000000 
10.440000 	 0.000000 
10.450000 	 0.000000 
10.460000 	 0.000000 
10.470000 	 0.000000 
10.480000 	 0.000000 
10.490000 	 0.000000 
10.500000 	 0.000000 
10.510000 	 0.000000 
10.520000 	 0.000000 
10.530000 	 0.000000 
10.540000 	 0.000000 
10.550000 	 0.000000 
10.560000 	 0.000000 
10.570000 	 0.000000 
10.580000 	 0.000000 
10.590000 	 0.000000 
10.600000 	 0.000000 
10.610000 	 0.000000 
10.620000 	 0.000000 
10.630000 	 0.000000 
10.640000 	 0.000000 
10.650000 	 0.000000 
10.660000 	 0.000000 
10.670000 	 0.000000 
10.680000 	 0.000000 
10.690000 	 0.000000 
10.700000 	 0.000000 
10.710000 	 0.000000 
10.720000 	 0.000000 
10.730000 	 0.000000 
10.740000 	 0.000000 
10.750000 	 0.000000 
10.760000 	 0.000000 
10.770000 	 0.000000 
10.780000 	 0.000000 
10.790000 	 0.000000 
10.800000 	 0.000000 
10.810000 	 0.000000 
10.820000 	 0.000000 
10.830000 	 0.000000 
10.840000 	 0.000000 
10.850000 	 0.000000 
10.860000 	 0.000000 
10.870000 	 0.000000 
10.880000 	 0.000000 
10.890000 	 0.000000 
10.900000 	 0.000000 
10.910000 	 0.000000 
10.920000 	 0.000000 
10.930000 	 0.000000 
10.940000 	 0.000000 
10.950000 	 0.000000 
10.960000 	 0.000000 
10.970000 	 0.000000 
10.980000 	 0.000000 
10.990000 	 0.000000 
11.000000 	 0.000000 
11.010000 	 0.000000 
11.020000 	 0.000000 
11.030000 	 0.000000 
11.040000 	 0.000000 
11.050000 	 0.000000 
11.060000 	 0.000000 
11.070000 	 0.000000 
11.080000 	 0.000000 
11.090000 	 0.000000 
11.100000 	 0.000000 
11.110000 	 0.000000 
11.120000 	 0.000000 
11.130000 	 0.000000 
11.140000 	 0.000000 
11.150000 	 0.000000 
11.160000 	 0.000000 
11.170000 	 0.000000 
11.180000 	 0.000000 
11.190000 	 0.000000 
11.200000 	 0.000000 
11.210000 	 0.000000 
11.220000 	 0.000000 
11.230000 	 0.000000 
11.240000 	 0.000000 
11.250000 	 0.000000 
11.260000 	 0.000000 
11.270000 	 0.000000 
11.280000 	 0.000000 
11.290000 	 0.000000 
11.300000 	 0.000000 
11.310000 	 0.000000 
11.320000 	 0.000000 
11.330000 	 0.000000 
11.340000 	 0.000000 
11.350000 	 0.000000 
11.360000 	 0.000000 
11.370000 	 0.000000 
11.380000 	 0.000000 
11.390000 	 0.000000 
11.400000 	 0.000000 
11.410000 	 0.000000 
11.420000 	 0.000000 
11.430000 	 0.000000 
11.440000 	 0.000000 
11.450000 	 0.000000 
11.460000 	 0.000000 
11.470000 	 0.000000 
11.480000 	 0.000000 
11.490000 	 0.000000 
11.500000 	 0.000000 
11.510000 	 0.000000 
11.520000 	 0.000000 
11.530000 	 0.000000 
11.540000 	 0.000000 
11.550000 	 0.000000 
11.560000 	 0.000000 
11.570000 	 0.000000 
11.580000 	 0.000000 
11.590000 	 0.000000 
11.600000 	 0.000000 
11.610000 	 0.000000 
11.620000 	 0.000000 
11.630000 	 0.000000 
11.640000 	 0.000000 
11.650000 	 0.000000 
11.660000 	 0.000000 
11.670000 	 0.000000 
11.680000 	 0.000000 
11.690000 	 0.000000 
11.700000 	 0.000000 
11.710000 	 0.000000 
11.720000 	 0.000000 
11.730000 	 0.000000 
11.740000 	 0.000000 
11.750000 	 0.000000 
11.760000 	 0.000000 
11.770000 	 0.000000 
11.780000 	 0.000000 
11.790000 	 0.000000 
11.800000 	 0.000000 
11.810000 	 0.000000 
11.820000 	 0.000000 
11.830000 	 0.000000 
11.840000 	 0.000000 
11.850000 	 0.000000 
11.860000 	 0.000000 
11.870000 	 0.000000 
11.880000 	 0.000000 
11.890000 	 0.000000 
11.900000 	 0.000000 
11.910000 	 0.000000 
11.920000 	 0.000000 
11.930000 	 0.000000 
11.940000 	 0.000000 
11.950000 	 0.000000 
11.960000 	 0.000000 
11.970000 	 0.000000 
11.980000 	 0.000000 
11.990000 	 0.000000 
12.000000 	 0.000000 
12.010000 	 0.000000 
12.020000 	 0.000000 
12.030000 	 0.000000 
12.040000 	 0.000000 
12.050000 	 0.000000 
12.060000 	 0.000000 
12.070000 	 0.000000 
12.080000 	 0.000000 
12.090000 	 0.000000 
12.100000 	 0.000000 
12.110000 	 0.000000 
12.120000 	 0.000000 
12.130000 	 0.000000 
12.140000 	 0.000000 
12.150000 	 0.000000 
12.160000 	 0.000000 
12.170000 	 0.000000 
12.180000 	 0.000000 
12.190000 	 0.000000 
12.200000 	 0.000000 
12.210000 	 0.000000 
12.220000 	 0.000000 
12.230000 	 0.000000 
12.240000 	 0.000000 
12.250000 	 0.000000 
12.260000 	 0.000000 
12.270000 	 0.000000 
12.280000 	 0.000000 
12.290000 	 0.000000 
12.300000 	 0.000000 
12.310000 	 0.000000 
12.320000 	 0.000000 
12.330000 	 0.000000 
12.340000 	 0.000000 
12.350000 	 0.000000 
12.360000 	 0.000000 
12.370000 	 0.000000 
12.380000 	 0.000000 
12.390000 	 0.000000 
12.400000 	 0.000000 
12.410000 	 0.000000 
12.420000 	 0.000000 
12.430000 	 0.000000 
12.440000 	 0.000000 
12.450000 	 0.000000 
12.460000 	 0.000000 
12.470000 	 0.000000 
12.480000 	 0.000000 
12.490000 	 0.000000 
12.500000 	 0.000000 
12.510000 	 0.000000 
12.520000 	 0.000000 
12.530000 	 0.000000 
12.540000 	 0.000000 
12.550000 	 0.000000 
12.560000 	 0.000000 
12.570000 	 0.000000 
12.580000 	 0.000000 
12.590000 	 0.000000 
12.600000 	 0.000000 
12.610000 	 0.000000 
12.620000 	 0.000000 
12.630000 	 0.000000 
12.640000 	 0.000000 
12.650000 	 0.000000 
12.660000 	 0.000000 
12.670000 	 0.000000 
12.680000 	 0.000000 
12.690000 	 0.000000 
12.700000 	 0.000000 
12.710000 	 0.000000 
12.720000 	 0.000000 
12.730000 	 0.000000 
12.740000 	 0.000000 
12.750000 	 0.000000 
12.760000 	 0.000000 
12.770000 	 0.000000 
12.780000 	 0.000000 
12.790000 	 0.000000 
12.800000 	 0.000000 
12.810000 	 0.000000 
12.820000 	 0.000000 
12.830000 	 0.000000 
12.840000 	 0.000000 
12.850000 	 0.000000 
12.860000 	 0.000000 
12.870000 	 0.000000 
12.880000 	 0.000000 
12.890000 	 0.000000 
12.900000 	 0.000000 
12.910000 	 0.000000 
12.920000 	 0.000000 
12.930000 	 0.000000 
12.940000 	 0.000000 
12.950000 	 0.000000 
12.960000 	 0.000000 
12.970000 	 0.000000 
12.980000 	 0.000000 
12.990000 	 0.000000 
13.000000 	 0.000000 
13.010000 	 0.000000 
13.020000 	 0.000000 
13.030000 	 0.000000 
13.040000 	 0.000000 
13.050000 	 0.000000 
13.060000 	 0.000000 
13.070000 	 0.000000 
13.080000 	 0.000000 
13.090000 	 0.000000 
13.100000 	 0.000000 
13.110000 	 0.000000 
13.120000 	 0.000000 
13.130000 	 0.000000 
13.140000 	 0.000000 
13.150000 	 0.000000 
13.160000 	 0.000000 
13.170000 	 0.000000 
13.180000 	 0.000000 
13.190000 	 0.000000 
13.200000 	 0.000000 
13.210000 	 0.000000 
13.220000 	 0.000000 
13.230000 	 0.000000 
13.240000 	 0.000000 
13.250000 	 0.000000 
13.260000 	 0.000000 
13.270000 	 0.000000 
13.280000 	 0.000000 
13.290000 	 0.000000 
13.300000 	 0.000000 
13.310000 	 0.000000 
13.320000 	 0.000000 
13.330000 	 0.000000 
13.340000 	 0.000000 
13.350000 	 0.000000 
13.360000 	 0.000000 
13.370000 	 0.000000 
13.380000 	 0.000000 
13.390000 	 0.000000 
13.400000 	 0.000000 
13.410000 	 0.000000 
13.420000 	 0.000000 
13.430000 	 0.000000 
13.440000 	 0.000000 
13.450000 	 0.000000 
13.460000 	 0.000000 
13.470000 	 0.000000 
13.480000 	 0.000000 
13.490000 	 0.000000 
13.500000 	 0.000000 
13.510000 	 0.000000 
13.520000 	 0.000000 
13.530000 	 0.000000 
13.540000 	 0.000000 
13.550000 	 0.000000 
13.560000 	 0.000000 
13.570000 	 0.000000 
13.580000 	 0.000000 
13.590000 	 0.000000 
13.600000 	 0.000000 
13.610000 	 0.000000 
13.620000 	 0.000000 
13.630000 	 0.000000 
13.640000 	 0.000000 
13.650000 	 0.000000 
13.660000 	 0.000000 
13.670000 	 0.000000 
13.680000 	 0.000000 
13.690000 	 0.000000 
13.700000 	 0.000000 
13.710000 	 0.000000 
13.720000 	 0.000000 
13.730000 	 0.000000 
13.740000 	 0.000000 
13.750000 	 0.000000 
13.760000 	 0.000000 
13.770000 	 0.000000 
13.780000 	 0.000000 
13.790000 	 0.000000 
13.800000 	 0.000000 
13.810000 	 0.000000 
13.820000 	 0.000000 
13.830000 	 0.000000 
13.840000 	 0.000000 
13.850000 	 0.000000 
13.860000 	 0.000000 
13.870000 	 0.000000 
13.880000 	 0.000000 
13.890000 	 0.000000 
13.900000 	 0.000000 
13.910000 	 0.000000 
13.920000 	 0.000000 
13.930000 	 0.000000 
13.940000 	 0.000000 
13.950000 	 0.000000 
13.960000 	 0.000000 
13.970000 	 0.000000 
13.980000 	 0.000000 
13.990000 	 0.000000 
14.000000 	 0.000000 
14.010000 	 0.000000 
14.020000 	 0.000000 
14.030000 	 0.000000 
14.040000 	 0.000000 
14.050000 	 0.000000 
14.060000 	 0.000000 
14.070000 	 0.000000 
14.080000 	 0.000000 
14.090000 	 0.000000 
14.100000 	 0.000000 
14.110000 	 0.000000 
14.120000 	 0.000000 
14.130000 	 0.000000 
14.140000 	 0.000000 
14.150000 	 0.000000 
14.160000 	 0.000000 
14.170000 	 0.000000 
14.180000 	 0.000000 
14.190000 	 0.000000 
14.200000 	 0.000000 
14.210000 	 0.000000 
14.220000 	 0.000000 
14.230000 	 0.000000 
14.240000 	 0.000000 
14.250000 	 0.000000 
14.260000 	 0.000000 
14.270000 	 0.000000 
14.280000 	 0.000000 
14.290000 	 0.000000 
14.300000 	 0.000000 
14.310000 	 0.000000 
14.320000 	 0.000000 
14.330000 	 0.000000 
14.340000 	 0.000000 
14.350000 	 0.000000 
14.360000 	 0.000000 
14.370000 	 0.000000 
14.380000 	 0.000000 
14.390000 	 0.000000 
14.400000 	 0.000000 
14.410000 	 0.000000 
14.420000 	 0.000000 
14.430000 	 0.000000 
14.440000 	 0.000000 
14.450000 	 0.000000 
14.460000 	 0.000000 
14.470000 	 0.000000 
14.480000 	 0.000000 
14.490000 	 0.000000 
14.500000 	 0.000000 
14.510000 	 0.000000 
14.520000 	 0.000000 
14.530000 	 0.000000 
14.540000 	 0.000000 
14.550000 	 0.000000 
14.560000 	 0.000000 
14.570000 	 0.000000 
14.580000 	 0.000000 
14.590000 	 0.000000 
14.600000 	 0.000000 
14.610000 	 0.000000 
14.620000 	 0.000000 
14.630000 	 0.000000 
14.640000 	 0.000000 
14.650000 	 0.000000 
14.660000 	 0.000000 
14.670000 	 0.000000 
14.680000 	 0.000000 
14.690000 	 0.000000 
14.700000 	 0.000000 
14.710000 	 0.000000 
14.720000 	 0.000000 
14.730000 	 0.000000 
14.740000 	 0.000000 
14.750000 	 0.000000 
14.760000 	 0.000000 
14.770000 	 0.000000 
14.780000 	 0.000000 
14.790000 	 0.000000 
14.800000 	 0.000000 
14.810000 	 0.000000 
14.820000 	 0.000000 
14.830000 	 0.000000 
14.840000 	 0.000000 
14.850000 	 0.000000 
14.860000 	 0.000000 
14.870000 	 0.000000 
14.880000 	 0.000000 
14.890000 	 0.000000 
14.900000 	 0.000000 
14.910000 	 0.000000 
14.920000 	 0.000000 
14.930000 	 0.000000 
14.940000 	 0.000000 
14.950000 	 0.000000 
14.960000 	 0.000000 
14.970000 	 0.000000 
14.980000 	 0.000000 
14.990000 	 0.000000 
15.000000 	 0.000000 
