-10.000000 	 0.020000 
-9.990000 	 0.020000 
-9.980000 	 0.020000 
-9.970000 	 0.020000 
-9.960000 	 0.020000 
-9.950000 	 0.020000 
-9.940000 	 0.020000 
-9.930000 	 0.020000 
-9.920000 	 0.020000 
-9.910000 	 0.020000 
-9.900000 	 0.020000 
-9.890000 	 0.020000 
-9.880000 	 0.020000 
-9.870000 	 0.020000 
-9.860000 	 0.020000 
-9.850000 	 0.020000 
-9.840000 	 0.020000 
-9.830000 	 0.020000 
-9.820000 	 0.020000 
-9.810000 	 0.020000 
-9.800000 	 0.020000 
-9.790000 	 0.020000 
-9.780000 	 0.020000 
-9.770000 	 0.020000 
-9.760000 	 0.020000 
-9.750000 	 0.020000 
-9.740000 	 0.020000 
-9.730000 	 0.020000 
-9.720000 	 0.020000 
-9.710000 	 0.020000 
-9.700000 	 0.020000 
-9.690000 	 0.020000 
-9.680000 	 0.020000 
-9.670000 	 0.020000 
-9.660000 	 0.020000 
-9.650000 	 0.020000 
-9.640000 	 0.020000 
-9.630000 	 0.020000 
-9.620000 	 0.020000 
-9.610000 	 0.020000 
-9.600000 	 0.020000 
-9.590000 	 0.020000 
-9.580000 	 0.019999 
-9.570000 	 0.019999 
-9.560000 	 0.019999 
-9.550000 	 0.019999 
-9.540000 	 0.019999 
-9.530000 	 0.019999 
-9.520000 	 0.019999 
-9.510000 	 0.019999 
-9.500000 	 0.019999 
-9.490000 	 0.019999 
-9.480000 	 0.019999 
-9.470000 	 0.019999 
-9.460000 	 0.019999 
-9.450000 	 0.019999 
-9.440000 	 0.019999 
-9.430000 	 0.019999 
-9.420000 	 0.019999 
-9.410000 	 0.019999 
-9.400000 	 0.019999 
-9.390000 	 0.019999 
-9.380000 	 0.019999 
-9.370000 	 0.019999 
-9.360000 	 0.019999 
-9.350000 	 0.019999 
-9.340000 	 0.019999 
-9.330000 	 0.019999 
-9.320000 	 0.019999 
-9.310000 	 0.019999 
-9.300000 	 0.019999 
-9.290000 	 0.019999 
-9.280000 	 0.019999 
-9.270000 	 0.019999 
-9.260000 	 0.019999 
-9.250000 	 0.019999 
-9.240000 	 0.019999 
-9.230000 	 0.019999 
-9.220000 	 0.019999 
-9.210000 	 0.019999 
-9.200000 	 0.019999 
-9.190000 	 0.019999 
-9.180000 	 0.019999 
-9.170000 	 0.019999 
-9.160000 	 0.019999 
-9.150000 	 0.019999 
-9.140000 	 0.019999 
-9.130000 	 0.019999 
-9.120000 	 0.019999 
-9.110000 	 0.019999 
-9.100000 	 0.019999 
-9.090000 	 0.019999 
-9.080000 	 0.019999 
-9.070000 	 0.019999 
-9.060000 	 0.019999 
-9.050000 	 0.019999 
-9.040000 	 0.019999 
-9.030000 	 0.019999 
-9.020000 	 0.019999 
-9.010000 	 0.019999 
-9.000000 	 0.019999 
-8.990000 	 0.019999 
-8.980000 	 0.019999 
-8.970000 	 0.019999 
-8.960000 	 0.019999 
-8.950000 	 0.019999 
-8.940000 	 0.019999 
-8.930000 	 0.019999 
-8.920000 	 0.019999 
-8.910000 	 0.019999 
-8.900000 	 0.019999 
-8.890000 	 0.019999 
-8.880000 	 0.019999 
-8.870000 	 0.019999 
-8.860000 	 0.019999 
-8.850000 	 0.019999 
-8.840000 	 0.019999 
-8.830000 	 0.019999 
-8.820000 	 0.019999 
-8.810000 	 0.019999 
-8.800000 	 0.019999 
-8.790000 	 0.019999 
-8.780000 	 0.019999 
-8.770000 	 0.019999 
-8.760000 	 0.019999 
-8.750000 	 0.019999 
-8.740000 	 0.019999 
-8.730000 	 0.019999 
-8.720000 	 0.019999 
-8.710000 	 0.019999 
-8.700000 	 0.019999 
-8.690000 	 0.019999 
-8.680000 	 0.019999 
-8.670000 	 0.019999 
-8.660000 	 0.019999 
-8.650000 	 0.019999 
-8.640000 	 0.019999 
-8.630000 	 0.019999 
-8.620000 	 0.019999 
-8.610000 	 0.019999 
-8.600000 	 0.019999 
-8.590000 	 0.019999 
-8.580000 	 0.019999 
-8.570000 	 0.019999 
-8.560000 	 0.019999 
-8.550000 	 0.019999 
-8.540000 	 0.019999 
-8.530000 	 0.019999 
-8.520000 	 0.019998 
-8.510000 	 0.019998 
-8.500000 	 0.019998 
-8.490000 	 0.019998 
-8.480000 	 0.019998 
-8.470000 	 0.019998 
-8.460000 	 0.019998 
-8.450000 	 0.019998 
-8.440000 	 0.019998 
-8.430000 	 0.019998 
-8.420000 	 0.019998 
-8.410000 	 0.019998 
-8.400000 	 0.019998 
-8.390000 	 0.019998 
-8.380000 	 0.019998 
-8.370000 	 0.019998 
-8.360000 	 0.019998 
-8.350000 	 0.019998 
-8.340000 	 0.019998 
-8.330000 	 0.019998 
-8.320000 	 0.019998 
-8.310000 	 0.019998 
-8.300000 	 0.019998 
-8.290000 	 0.019998 
-8.280000 	 0.019998 
-8.270000 	 0.019998 
-8.260000 	 0.019998 
-8.250000 	 0.019998 
-8.240000 	 0.019998 
-8.230000 	 0.019998 
-8.220000 	 0.019998 
-8.210000 	 0.019998 
-8.200000 	 0.019998 
-8.190000 	 0.019998 
-8.180000 	 0.019998 
-8.170000 	 0.019998 
-8.160000 	 0.019998 
-8.150000 	 0.019998 
-8.140000 	 0.019998 
-8.130000 	 0.019998 
-8.120000 	 0.019998 
-8.110000 	 0.019998 
-8.100000 	 0.019998 
-8.090000 	 0.019998 
-8.080000 	 0.019998 
-8.070000 	 0.019998 
-8.060000 	 0.019998 
-8.050000 	 0.019998 
-8.040000 	 0.019998 
-8.030000 	 0.019998 
-8.020000 	 0.019997 
-8.010000 	 0.019997 
-8.000000 	 0.019997 
-7.990000 	 0.019997 
-7.980000 	 0.019997 
-7.970000 	 0.019997 
-7.960000 	 0.019997 
-7.950000 	 0.019997 
-7.940000 	 0.019997 
-7.930000 	 0.019997 
-7.920000 	 0.019997 
-7.910000 	 0.019997 
-7.900000 	 0.019997 
-7.890000 	 0.019997 
-7.880000 	 0.019997 
-7.870000 	 0.019997 
-7.860000 	 0.019997 
-7.850000 	 0.019997 
-7.840000 	 0.019997 
-7.830000 	 0.019997 
-7.820000 	 0.019997 
-7.810000 	 0.019997 
-7.800000 	 0.019997 
-7.790000 	 0.019997 
-7.780000 	 0.019997 
-7.770000 	 0.019997 
-7.760000 	 0.019997 
-7.750000 	 0.019997 
-7.740000 	 0.019997 
-7.730000 	 0.019997 
-7.720000 	 0.019997 
-7.710000 	 0.019997 
-7.700000 	 0.019996 
-7.690000 	 0.019996 
-7.680000 	 0.019996 
-7.670000 	 0.019996 
-7.660000 	 0.019996 
-7.650000 	 0.019996 
-7.640000 	 0.019996 
-7.630000 	 0.019996 
-7.620000 	 0.019996 
-7.610000 	 0.019996 
-7.600000 	 0.019996 
-7.590000 	 0.019996 
-7.580000 	 0.019996 
-7.570000 	 0.019996 
-7.560000 	 0.019996 
-7.550000 	 0.019996 
-7.540000 	 0.019996 
-7.530000 	 0.019996 
-7.520000 	 0.019996 
-7.510000 	 0.019996 
-7.500000 	 0.019996 
-7.490000 	 0.019996 
-7.480000 	 0.019996 
-7.470000 	 0.019996 
-7.460000 	 0.019996 
-7.450000 	 0.019995 
-7.440000 	 0.019995 
-7.430000 	 0.019995 
-7.420000 	 0.019995 
-7.410000 	 0.019995 
-7.400000 	 0.019995 
-7.390000 	 0.019995 
-7.380000 	 0.019995 
-7.370000 	 0.019995 
-7.360000 	 0.019995 
-7.350000 	 0.019995 
-7.340000 	 0.019995 
-7.330000 	 0.019995 
-7.320000 	 0.019995 
-7.310000 	 0.019995 
-7.300000 	 0.019995 
-7.290000 	 0.019995 
-7.280000 	 0.019995 
-7.270000 	 0.019995 
-7.260000 	 0.019994 
-7.250000 	 0.019994 
-7.240000 	 0.019994 
-7.230000 	 0.019994 
-7.220000 	 0.019994 
-7.210000 	 0.019994 
-7.200000 	 0.019994 
-7.190000 	 0.019994 
-7.180000 	 0.019994 
-7.170000 	 0.019994 
-7.160000 	 0.019994 
-7.150000 	 0.019994 
-7.140000 	 0.019994 
-7.130000 	 0.019994 
-7.120000 	 0.019994 
-7.110000 	 0.019994 
-7.100000 	 0.019993 
-7.090000 	 0.019993 
-7.080000 	 0.019993 
-7.070000 	 0.019993 
-7.060000 	 0.019993 
-7.050000 	 0.019993 
-7.040000 	 0.019993 
-7.030000 	 0.019993 
-7.020000 	 0.019993 
-7.010000 	 0.019993 
-7.000000 	 0.019993 
-6.990000 	 0.019993 
-6.980000 	 0.019993 
-6.970000 	 0.019993 
-6.960000 	 0.019992 
-6.950000 	 0.019992 
-6.940000 	 0.019992 
-6.930000 	 0.019992 
-6.920000 	 0.019992 
-6.910000 	 0.019992 
-6.900000 	 0.019992 
-6.890000 	 0.019992 
-6.880000 	 0.019992 
-6.870000 	 0.019992 
-6.860000 	 0.019992 
-6.850000 	 0.019992 
-6.840000 	 0.019991 
-6.830000 	 0.019991 
-6.820000 	 0.019991 
-6.810000 	 0.019991 
-6.800000 	 0.019991 
-6.790000 	 0.019991 
-6.780000 	 0.019991 
-6.770000 	 0.019991 
-6.760000 	 0.019991 
-6.750000 	 0.019991 
-6.740000 	 0.019991 
-6.730000 	 0.019990 
-6.720000 	 0.019990 
-6.710000 	 0.019990 
-6.700000 	 0.019990 
-6.690000 	 0.019990 
-6.680000 	 0.019990 
-6.670000 	 0.019990 
-6.660000 	 0.019990 
-6.650000 	 0.019990 
-6.640000 	 0.019990 
-6.630000 	 0.019989 
-6.620000 	 0.019989 
-6.610000 	 0.019989 
-6.600000 	 0.019989 
-6.590000 	 0.019989 
-6.580000 	 0.019989 
-6.570000 	 0.019989 
-6.560000 	 0.019989 
-6.550000 	 0.019988 
-6.540000 	 0.019988 
-6.530000 	 0.019988 
-6.520000 	 0.019988 
-6.510000 	 0.019988 
-6.500000 	 0.019988 
-6.490000 	 0.019988 
-6.480000 	 0.019988 
-6.470000 	 0.019987 
-6.460000 	 0.019987 
-6.450000 	 0.019987 
-6.440000 	 0.019987 
-6.430000 	 0.019987 
-6.420000 	 0.019987 
-6.410000 	 0.019987 
-6.400000 	 0.019987 
-6.390000 	 0.019986 
-6.380000 	 0.019986 
-6.370000 	 0.019986 
-6.360000 	 0.019986 
-6.350000 	 0.019986 
-6.340000 	 0.019986 
-6.330000 	 0.019986 
-6.320000 	 0.019985 
-6.310000 	 0.019985 
-6.300000 	 0.019985 
-6.290000 	 0.019985 
-6.280000 	 0.019985 
-6.270000 	 0.019985 
-6.260000 	 0.019984 
-6.250000 	 0.019984 
-6.240000 	 0.019984 
-6.230000 	 0.019984 
-6.220000 	 0.019984 
-6.210000 	 0.019984 
-6.200000 	 0.019983 
-6.190000 	 0.019983 
-6.180000 	 0.019983 
-6.170000 	 0.019983 
-6.160000 	 0.019983 
-6.150000 	 0.019983 
-6.140000 	 0.019982 
-6.130000 	 0.019982 
-6.120000 	 0.019982 
-6.110000 	 0.019982 
-6.100000 	 0.019982 
-6.090000 	 0.019981 
-6.080000 	 0.019981 
-6.070000 	 0.019981 
-6.060000 	 0.019981 
-6.050000 	 0.019981 
-6.040000 	 0.019980 
-6.030000 	 0.019980 
-6.020000 	 0.019980 
-6.010000 	 0.019980 
-6.000000 	 0.019980 
-5.990000 	 0.019979 
-5.980000 	 0.019979 
-5.970000 	 0.019979 
-5.960000 	 0.019979 
-5.950000 	 0.019979 
-5.940000 	 0.019978 
-5.930000 	 0.019978 
-5.920000 	 0.019978 
-5.910000 	 0.019978 
-5.900000 	 0.019977 
-5.890000 	 0.019977 
-5.880000 	 0.019977 
-5.870000 	 0.019977 
-5.860000 	 0.019976 
-5.850000 	 0.019976 
-5.840000 	 0.019976 
-5.830000 	 0.019976 
-5.820000 	 0.019975 
-5.810000 	 0.019975 
-5.800000 	 0.019975 
-5.790000 	 0.019975 
-5.780000 	 0.019974 
-5.770000 	 0.019974 
-5.760000 	 0.019974 
-5.750000 	 0.019974 
-5.740000 	 0.019973 
-5.730000 	 0.019973 
-5.720000 	 0.019973 
-5.710000 	 0.019973 
-5.700000 	 0.019972 
-5.690000 	 0.019972 
-5.680000 	 0.019972 
-5.670000 	 0.019971 
-5.660000 	 0.019971 
-5.650000 	 0.019971 
-5.640000 	 0.019970 
-5.630000 	 0.019970 
-5.620000 	 0.019970 
-5.610000 	 0.019970 
-5.600000 	 0.019969 
-5.590000 	 0.019969 
-5.580000 	 0.019969 
-5.570000 	 0.019968 
-5.560000 	 0.019968 
-5.550000 	 0.019968 
-5.540000 	 0.019967 
-5.530000 	 0.019967 
-5.520000 	 0.019967 
-5.510000 	 0.019966 
-5.500000 	 0.019966 
-5.490000 	 0.019966 
-5.480000 	 0.019965 
-5.470000 	 0.019965 
-5.460000 	 0.019964 
-5.450000 	 0.019964 
-5.440000 	 0.019964 
-5.430000 	 0.019963 
-5.420000 	 0.019963 
-5.410000 	 0.019963 
-5.400000 	 0.019962 
-5.390000 	 0.019962 
-5.380000 	 0.019961 
-5.370000 	 0.019961 
-5.360000 	 0.019961 
-5.350000 	 0.019960 
-5.340000 	 0.019960 
-5.330000 	 0.019959 
-5.320000 	 0.019959 
-5.310000 	 0.019958 
-5.300000 	 0.019958 
-5.290000 	 0.019958 
-5.280000 	 0.019957 
-5.270000 	 0.019957 
-5.260000 	 0.019956 
-5.250000 	 0.019956 
-5.240000 	 0.019955 
-5.230000 	 0.019955 
-5.220000 	 0.019954 
-5.210000 	 0.019954 
-5.200000 	 0.019953 
-5.190000 	 0.019953 
-5.180000 	 0.019952 
-5.170000 	 0.019952 
-5.160000 	 0.019952 
-5.150000 	 0.019951 
-5.140000 	 0.019950 
-5.130000 	 0.019950 
-5.120000 	 0.019949 
-5.110000 	 0.019949 
-5.100000 	 0.019948 
-5.090000 	 0.019948 
-5.080000 	 0.019947 
-5.070000 	 0.019947 
-5.060000 	 0.019946 
-5.050000 	 0.019946 
-5.040000 	 0.019945 
-5.030000 	 0.019945 
-5.020000 	 0.019944 
-5.010000 	 0.019943 
-5.000000 	 0.019943 
-4.990000 	 0.019942 
-4.980000 	 0.019942 
-4.970000 	 0.019941 
-4.960000 	 0.019940 
-4.950000 	 0.019940 
-4.940000 	 0.019939 
-4.930000 	 0.019938 
-4.920000 	 0.019938 
-4.910000 	 0.019937 
-4.900000 	 0.019937 
-4.890000 	 0.019936 
-4.880000 	 0.019935 
-4.870000 	 0.019935 
-4.860000 	 0.019934 
-4.850000 	 0.019933 
-4.840000 	 0.019932 
-4.830000 	 0.019932 
-4.820000 	 0.019931 
-4.810000 	 0.019930 
-4.800000 	 0.019930 
-4.790000 	 0.019929 
-4.780000 	 0.019928 
-4.770000 	 0.019927 
-4.760000 	 0.019927 
-4.750000 	 0.019926 
-4.740000 	 0.019925 
-4.730000 	 0.019924 
-4.720000 	 0.019924 
-4.710000 	 0.019923 
-4.700000 	 0.019922 
-4.690000 	 0.019921 
-4.680000 	 0.019920 
-4.670000 	 0.019920 
-4.660000 	 0.019919 
-4.650000 	 0.019918 
-4.640000 	 0.019917 
-4.630000 	 0.019916 
-4.620000 	 0.019915 
-4.610000 	 0.019914 
-4.600000 	 0.019913 
-4.590000 	 0.019913 
-4.580000 	 0.019912 
-4.570000 	 0.019911 
-4.560000 	 0.019910 
-4.550000 	 0.019909 
-4.540000 	 0.019908 
-4.530000 	 0.019907 
-4.520000 	 0.019906 
-4.510000 	 0.019905 
-4.500000 	 0.019904 
-4.490000 	 0.019903 
-4.480000 	 0.019902 
-4.470000 	 0.019901 
-4.460000 	 0.019900 
-4.450000 	 0.019899 
-4.440000 	 0.019898 
-4.430000 	 0.019897 
-4.420000 	 0.019896 
-4.410000 	 0.019895 
-4.400000 	 0.019894 
-4.390000 	 0.019892 
-4.380000 	 0.019891 
-4.370000 	 0.019890 
-4.360000 	 0.019889 
-4.350000 	 0.019888 
-4.340000 	 0.019887 
-4.330000 	 0.019886 
-4.320000 	 0.019884 
-4.310000 	 0.019883 
-4.300000 	 0.019882 
-4.290000 	 0.019881 
-4.280000 	 0.019880 
-4.270000 	 0.019878 
-4.260000 	 0.019877 
-4.250000 	 0.019876 
-4.240000 	 0.019874 
-4.230000 	 0.019873 
-4.220000 	 0.019872 
-4.210000 	 0.019870 
-4.200000 	 0.019869 
-4.190000 	 0.019868 
-4.180000 	 0.019866 
-4.170000 	 0.019865 
-4.160000 	 0.019864 
-4.150000 	 0.019862 
-4.140000 	 0.019861 
-4.130000 	 0.019859 
-4.120000 	 0.019858 
-4.110000 	 0.019856 
-4.100000 	 0.019855 
-4.090000 	 0.019853 
-4.080000 	 0.019852 
-4.070000 	 0.019850 
-4.060000 	 0.019849 
-4.050000 	 0.019847 
-4.040000 	 0.019846 
-4.030000 	 0.019844 
-4.020000 	 0.019842 
-4.010000 	 0.019841 
-4.000000 	 0.019839 
-3.990000 	 0.019837 
-3.980000 	 0.019836 
-3.970000 	 0.019834 
-3.960000 	 0.019832 
-3.950000 	 0.019831 
-3.940000 	 0.019829 
-3.930000 	 0.019827 
-3.920000 	 0.019825 
-3.910000 	 0.019823 
-3.900000 	 0.019822 
-3.890000 	 0.019820 
-3.880000 	 0.019818 
-3.870000 	 0.019816 
-3.860000 	 0.019814 
-3.850000 	 0.019812 
-3.840000 	 0.019810 
-3.830000 	 0.019808 
-3.820000 	 0.019806 
-3.810000 	 0.019804 
-3.800000 	 0.019802 
-3.790000 	 0.019800 
-3.780000 	 0.019798 
-3.770000 	 0.019796 
-3.760000 	 0.019794 
-3.750000 	 0.019792 
-3.740000 	 0.019789 
-3.730000 	 0.019787 
-3.720000 	 0.019785 
-3.710000 	 0.019783 
-3.700000 	 0.019781 
-3.690000 	 0.019778 
-3.680000 	 0.019776 
-3.670000 	 0.019774 
-3.660000 	 0.019771 
-3.650000 	 0.019769 
-3.640000 	 0.019766 
-3.630000 	 0.019764 
-3.620000 	 0.019762 
-3.610000 	 0.019759 
-3.600000 	 0.019757 
-3.590000 	 0.019754 
-3.580000 	 0.019752 
-3.570000 	 0.019749 
-3.560000 	 0.019746 
-3.550000 	 0.019744 
-3.540000 	 0.019741 
-3.530000 	 0.019738 
-3.520000 	 0.019736 
-3.510000 	 0.019733 
-3.500000 	 0.019730 
-3.490000 	 0.019727 
-3.480000 	 0.019724 
-3.470000 	 0.019722 
-3.460000 	 0.019719 
-3.450000 	 0.019716 
-3.440000 	 0.019713 
-3.430000 	 0.019710 
-3.420000 	 0.019707 
-3.410000 	 0.019704 
-3.400000 	 0.019701 
-3.390000 	 0.019698 
-3.380000 	 0.019694 
-3.370000 	 0.019691 
-3.360000 	 0.019688 
-3.350000 	 0.019685 
-3.340000 	 0.019682 
-3.330000 	 0.019678 
-3.320000 	 0.019675 
-3.310000 	 0.019672 
-3.300000 	 0.019668 
-3.290000 	 0.019665 
-3.280000 	 0.019661 
-3.270000 	 0.019658 
-3.260000 	 0.019654 
-3.250000 	 0.019650 
-3.240000 	 0.019647 
-3.230000 	 0.019643 
-3.220000 	 0.019639 
-3.210000 	 0.019636 
-3.200000 	 0.019632 
-3.190000 	 0.019628 
-3.180000 	 0.019624 
-3.170000 	 0.019620 
-3.160000 	 0.019616 
-3.150000 	 0.019612 
-3.140000 	 0.019608 
-3.130000 	 0.019604 
-3.120000 	 0.019600 
-3.110000 	 0.019596 
-3.100000 	 0.019592 
-3.090000 	 0.019588 
-3.080000 	 0.019583 
-3.070000 	 0.019579 
-3.060000 	 0.019575 
-3.050000 	 0.019570 
-3.040000 	 0.019566 
-3.030000 	 0.019561 
-3.020000 	 0.019557 
-3.010000 	 0.019552 
-3.000000 	 0.019547 
-2.990000 	 0.019543 
-2.980000 	 0.019538 
-2.970000 	 0.019533 
-2.960000 	 0.019528 
-2.950000 	 0.019523 
-2.940000 	 0.019518 
-2.930000 	 0.019513 
-2.920000 	 0.019508 
-2.910000 	 0.019503 
-2.900000 	 0.019498 
-2.890000 	 0.019493 
-2.880000 	 0.019488 
-2.870000 	 0.019482 
-2.860000 	 0.019477 
-2.850000 	 0.019471 
-2.840000 	 0.019466 
-2.830000 	 0.019460 
-2.820000 	 0.019455 
-2.810000 	 0.019449 
-2.800000 	 0.019443 
-2.790000 	 0.019438 
-2.780000 	 0.019432 
-2.770000 	 0.019426 
-2.760000 	 0.019420 
-2.750000 	 0.019414 
-2.740000 	 0.019408 
-2.730000 	 0.019402 
-2.720000 	 0.019395 
-2.710000 	 0.019389 
-2.700000 	 0.019383 
-2.690000 	 0.019376 
-2.680000 	 0.019370 
-2.670000 	 0.019363 
-2.660000 	 0.019357 
-2.650000 	 0.019350 
-2.640000 	 0.019343 
-2.630000 	 0.019336 
-2.620000 	 0.019330 
-2.610000 	 0.019323 
-2.600000 	 0.019316 
-2.590000 	 0.019308 
-2.580000 	 0.019301 
-2.570000 	 0.019294 
-2.560000 	 0.019287 
-2.550000 	 0.019279 
-2.540000 	 0.019272 
-2.530000 	 0.019264 
-2.520000 	 0.019256 
-2.510000 	 0.019249 
-2.500000 	 0.019241 
-2.490000 	 0.019233 
-2.480000 	 0.019225 
-2.470000 	 0.019217 
-2.460000 	 0.019209 
-2.450000 	 0.019201 
-2.440000 	 0.019192 
-2.430000 	 0.019184 
-2.420000 	 0.019175 
-2.410000 	 0.019167 
-2.400000 	 0.019158 
-2.390000 	 0.019150 
-2.380000 	 0.019141 
-2.370000 	 0.019132 
-2.360000 	 0.019123 
-2.350000 	 0.019114 
-2.340000 	 0.019104 
-2.330000 	 0.019095 
-2.320000 	 0.019086 
-2.310000 	 0.019076 
-2.300000 	 0.019067 
-2.290000 	 0.019057 
-2.280000 	 0.019047 
-2.270000 	 0.019037 
-2.260000 	 0.019027 
-2.250000 	 0.019017 
-2.240000 	 0.019007 
-2.230000 	 0.018997 
-2.220000 	 0.018986 
-2.210000 	 0.018976 
-2.200000 	 0.018965 
-2.190000 	 0.018954 
-2.180000 	 0.018943 
-2.170000 	 0.018932 
-2.160000 	 0.018921 
-2.150000 	 0.018910 
-2.140000 	 0.018899 
-2.130000 	 0.018887 
-2.120000 	 0.018876 
-2.110000 	 0.018864 
-2.100000 	 0.018852 
-2.090000 	 0.018840 
-2.080000 	 0.018828 
-2.070000 	 0.018816 
-2.060000 	 0.018804 
-2.050000 	 0.018791 
-2.040000 	 0.018779 
-2.030000 	 0.018766 
-2.020000 	 0.018753 
-2.010000 	 0.018740 
-2.000000 	 0.018727 
-1.990000 	 0.018714 
-1.980000 	 0.018700 
-1.970000 	 0.018687 
-1.960000 	 0.018673 
-1.950000 	 0.018660 
-1.940000 	 0.018646 
-1.930000 	 0.018632 
-1.920000 	 0.018617 
-1.910000 	 0.018603 
-1.900000 	 0.018588 
-1.890000 	 0.018574 
-1.880000 	 0.018559 
-1.870000 	 0.018544 
-1.860000 	 0.018529 
-1.850000 	 0.018514 
-1.840000 	 0.018498 
-1.830000 	 0.018482 
-1.820000 	 0.018467 
-1.810000 	 0.018451 
-1.800000 	 0.018435 
-1.790000 	 0.018418 
-1.780000 	 0.018402 
-1.770000 	 0.018385 
-1.760000 	 0.018369 
-1.750000 	 0.018352 
-1.740000 	 0.018334 
-1.730000 	 0.018317 
-1.720000 	 0.018300 
-1.710000 	 0.018282 
-1.700000 	 0.018264 
-1.690000 	 0.018246 
-1.680000 	 0.018228 
-1.670000 	 0.018209 
-1.660000 	 0.018191 
-1.650000 	 0.018172 
-1.640000 	 0.018153 
-1.630000 	 0.018134 
-1.620000 	 0.018114 
-1.610000 	 0.018095 
-1.600000 	 0.018075 
-1.590000 	 0.018055 
-1.580000 	 0.018035 
-1.570000 	 0.018014 
-1.560000 	 0.017994 
-1.550000 	 0.017973 
-1.540000 	 0.017952 
-1.530000 	 0.017931 
-1.520000 	 0.017909 
-1.510000 	 0.017887 
-1.500000 	 0.017865 
-1.490000 	 0.017843 
-1.480000 	 0.017821 
-1.470000 	 0.017798 
-1.460000 	 0.017775 
-1.450000 	 0.017752 
-1.440000 	 0.017729 
-1.430000 	 0.017705 
-1.420000 	 0.017681 
-1.410000 	 0.017657 
-1.400000 	 0.017633 
-1.390000 	 0.017608 
-1.380000 	 0.017583 
-1.370000 	 0.017558 
-1.360000 	 0.017533 
-1.350000 	 0.017507 
-1.340000 	 0.017481 
-1.330000 	 0.017455 
-1.320000 	 0.017429 
-1.310000 	 0.017402 
-1.300000 	 0.017375 
-1.290000 	 0.017348 
-1.280000 	 0.017320 
-1.270000 	 0.017292 
-1.260000 	 0.017264 
-1.250000 	 0.017236 
-1.240000 	 0.017207 
-1.230000 	 0.017178 
-1.220000 	 0.017148 
-1.210000 	 0.017119 
-1.200000 	 0.017089 
-1.190000 	 0.017059 
-1.180000 	 0.017028 
-1.170000 	 0.016997 
-1.160000 	 0.016966 
-1.150000 	 0.016934 
-1.140000 	 0.016903 
-1.130000 	 0.016870 
-1.120000 	 0.016838 
-1.110000 	 0.016805 
-1.100000 	 0.016772 
-1.090000 	 0.016738 
-1.080000 	 0.016704 
-1.070000 	 0.016670 
-1.060000 	 0.016635 
-1.050000 	 0.016600 
-1.040000 	 0.016565 
-1.030000 	 0.016529 
-1.020000 	 0.016493 
-1.010000 	 0.016457 
-1.000000 	 0.016420 
-0.990000 	 0.016383 
-0.980000 	 0.016345 
-0.970000 	 0.016307 
-0.960000 	 0.016269 
-0.950000 	 0.016230 
-0.940000 	 0.016191 
-0.930000 	 0.016151 
-0.920000 	 0.016111 
-0.910000 	 0.016071 
-0.900000 	 0.016030 
-0.890000 	 0.015989 
-0.880000 	 0.015947 
-0.870000 	 0.015905 
-0.860000 	 0.015862 
-0.850000 	 0.015819 
-0.840000 	 0.015776 
-0.830000 	 0.015732 
-0.820000 	 0.015688 
-0.810000 	 0.015643 
-0.800000 	 0.015598 
-0.790000 	 0.015552 
-0.780000 	 0.015506 
-0.770000 	 0.015459 
-0.760000 	 0.015412 
-0.750000 	 0.015364 
-0.740000 	 0.015316 
-0.730000 	 0.015267 
-0.720000 	 0.015218 
-0.710000 	 0.015168 
-0.700000 	 0.015118 
-0.690000 	 0.015067 
-0.680000 	 0.015016 
-0.670000 	 0.014964 
-0.660000 	 0.014912 
-0.650000 	 0.014859 
-0.640000 	 0.014806 
-0.630000 	 0.014752 
-0.620000 	 0.014697 
-0.610000 	 0.014642 
-0.600000 	 0.014586 
-0.590000 	 0.014530 
-0.580000 	 0.014473 
-0.570000 	 0.014416 
-0.560000 	 0.014358 
-0.550000 	 0.014299 
-0.540000 	 0.014240 
-0.530000 	 0.014180 
-0.520000 	 0.014119 
-0.510000 	 0.014058 
-0.500000 	 0.013996 
-0.490000 	 0.013934 
-0.480000 	 0.013871 
-0.470000 	 0.013807 
-0.460000 	 0.013743 
-0.450000 	 0.013678 
-0.440000 	 0.013612 
-0.430000 	 0.013546 
-0.420000 	 0.013479 
-0.410000 	 0.013411 
-0.400000 	 0.013342 
-0.390000 	 0.013273 
-0.380000 	 0.013203 
-0.370000 	 0.013133 
-0.360000 	 0.013061 
-0.350000 	 0.012989 
-0.340000 	 0.012916 
-0.330000 	 0.012843 
-0.320000 	 0.012768 
-0.310000 	 0.012693 
-0.300000 	 0.012617 
-0.290000 	 0.012540 
-0.280000 	 0.012463 
-0.270000 	 0.012385 
-0.260000 	 0.012305 
-0.250000 	 0.012225 
-0.240000 	 0.012145 
-0.230000 	 0.012063 
-0.220000 	 0.011981 
-0.210000 	 0.011897 
-0.200000 	 0.011813 
-0.190000 	 0.011728 
-0.180000 	 0.011642 
-0.170000 	 0.011555 
-0.160000 	 0.011467 
-0.150000 	 0.011379 
-0.140000 	 0.011289 
-0.130000 	 0.011198 
-0.120000 	 0.011107 
-0.110000 	 0.011014 
-0.100000 	 0.010921 
-0.090000 	 0.010827 
-0.080000 	 0.010731 
-0.070000 	 0.010635 
-0.060000 	 0.010538 
-0.050000 	 0.010439 
-0.040000 	 0.010340 
-0.030000 	 0.010240 
-0.020000 	 0.010138 
-0.010000 	 0.010036 
0.000000 	 0.009932 
0.010000 	 0.009828 
0.020000 	 0.009726 
0.030000 	 0.009624 
0.040000 	 0.009524 
0.050000 	 0.009425 
0.060000 	 0.009326 
0.070000 	 0.009229 
0.080000 	 0.009132 
0.090000 	 0.009037 
0.100000 	 0.008942 
0.110000 	 0.008849 
0.120000 	 0.008756 
0.130000 	 0.008664 
0.140000 	 0.008574 
0.150000 	 0.008484 
0.160000 	 0.008395 
0.170000 	 0.008307 
0.180000 	 0.008220 
0.190000 	 0.008134 
0.200000 	 0.008048 
0.210000 	 0.007964 
0.220000 	 0.007880 
0.230000 	 0.007797 
0.240000 	 0.007715 
0.250000 	 0.007634 
0.260000 	 0.007554 
0.270000 	 0.007474 
0.280000 	 0.007395 
0.290000 	 0.007317 
0.300000 	 0.007240 
0.310000 	 0.007164 
0.320000 	 0.007088 
0.330000 	 0.007013 
0.340000 	 0.006939 
0.350000 	 0.006866 
0.360000 	 0.006793 
0.370000 	 0.006721 
0.380000 	 0.006650 
0.390000 	 0.006580 
0.400000 	 0.006510 
0.410000 	 0.006441 
0.420000 	 0.006372 
0.430000 	 0.006305 
0.440000 	 0.006238 
0.450000 	 0.006171 
0.460000 	 0.006105 
0.470000 	 0.006040 
0.480000 	 0.005976 
0.490000 	 0.005912 
0.500000 	 0.005849 
0.510000 	 0.005787 
0.520000 	 0.005725 
0.530000 	 0.005663 
0.540000 	 0.005603 
0.550000 	 0.005543 
0.560000 	 0.005483 
0.570000 	 0.005424 
0.580000 	 0.005366 
0.590000 	 0.005308 
0.600000 	 0.005251 
0.610000 	 0.005194 
0.620000 	 0.005138 
0.630000 	 0.005083 
0.640000 	 0.005028 
0.650000 	 0.004973 
0.660000 	 0.004919 
0.670000 	 0.004866 
0.680000 	 0.004813 
0.690000 	 0.004761 
0.700000 	 0.004709 
0.710000 	 0.004657 
0.720000 	 0.004607 
0.730000 	 0.004556 
0.740000 	 0.004506 
0.750000 	 0.004457 
0.760000 	 0.004408 
0.770000 	 0.004360 
0.780000 	 0.004312 
0.790000 	 0.004264 
0.800000 	 0.004217 
0.810000 	 0.004171 
0.820000 	 0.004124 
0.830000 	 0.004079 
0.840000 	 0.004033 
0.850000 	 0.003989 
0.860000 	 0.003944 
0.870000 	 0.003900 
0.880000 	 0.003857 
0.890000 	 0.003813 
0.900000 	 0.003771 
0.910000 	 0.003728 
0.920000 	 0.003686 
0.930000 	 0.003645 
0.940000 	 0.003604 
0.950000 	 0.003563 
0.960000 	 0.003523 
0.970000 	 0.003482 
0.980000 	 0.003443 
0.990000 	 0.003404 
1.000000 	 0.003365 
1.010000 	 0.003362 
1.020000 	 0.003359 
1.030000 	 0.003357 
1.040000 	 0.003354 
1.050000 	 0.003352 
1.060000 	 0.003350 
1.070000 	 0.003347 
1.080000 	 0.003345 
1.090000 	 0.003342 
1.100000 	 0.003340 
1.110000 	 0.003338 
1.120000 	 0.003335 
1.130000 	 0.003333 
1.140000 	 0.003331 
1.150000 	 0.003329 
1.160000 	 0.003326 
1.170000 	 0.003324 
1.180000 	 0.003322 
1.190000 	 0.003320 
1.200000 	 0.003318 
1.210000 	 0.003316 
1.220000 	 0.003314 
1.230000 	 0.003312 
1.240000 	 0.003309 
1.250000 	 0.003307 
1.260000 	 0.003306 
1.270000 	 0.003304 
1.280000 	 0.003302 
1.290000 	 0.003300 
1.300000 	 0.003298 
1.310000 	 0.003296 
1.320000 	 0.003294 
1.330000 	 0.003292 
1.340000 	 0.003291 
1.350000 	 0.003289 
1.360000 	 0.003287 
1.370000 	 0.003285 
1.380000 	 0.003284 
1.390000 	 0.003282 
1.400000 	 0.003280 
1.410000 	 0.003279 
1.420000 	 0.003277 
1.430000 	 0.003276 
1.440000 	 0.003274 
1.450000 	 0.003272 
1.460000 	 0.003271 
1.470000 	 0.003269 
1.480000 	 0.003268 
1.490000 	 0.003267 
1.500000 	 0.003265 
1.510000 	 0.003264 
1.520000 	 0.003262 
1.530000 	 0.003261 
1.540000 	 0.003260 
1.550000 	 0.003258 
1.560000 	 0.003257 
1.570000 	 0.003256 
1.580000 	 0.003255 
1.590000 	 0.003253 
1.600000 	 0.003252 
1.610000 	 0.003251 
1.620000 	 0.003250 
1.630000 	 0.003249 
1.640000 	 0.003248 
1.650000 	 0.003247 
1.660000 	 0.003246 
1.670000 	 0.003245 
1.680000 	 0.003244 
1.690000 	 0.003243 
1.700000 	 0.003242 
1.710000 	 0.003241 
1.720000 	 0.003240 
1.730000 	 0.003239 
1.740000 	 0.003238 
1.750000 	 0.003237 
1.760000 	 0.003236 
1.770000 	 0.003236 
1.780000 	 0.003235 
1.790000 	 0.003234 
1.800000 	 0.003233 
1.810000 	 0.003233 
1.820000 	 0.003232 
1.830000 	 0.003231 
1.840000 	 0.003231 
1.850000 	 0.003230 
1.860000 	 0.003230 
1.870000 	 0.003229 
1.880000 	 0.003229 
1.890000 	 0.003228 
1.900000 	 0.003228 
1.910000 	 0.003227 
1.920000 	 0.003227 
1.930000 	 0.003226 
1.940000 	 0.003226 
1.950000 	 0.003225 
1.960000 	 0.003225 
1.970000 	 0.003225 
1.980000 	 0.003224 
1.990000 	 0.003224 
2.000000 	 0.003224 
2.010000 	 0.003224 
2.020000 	 0.003223 
2.030000 	 0.003223 
2.040000 	 0.003223 
2.050000 	 0.003223 
2.060000 	 0.003223 
2.070000 	 0.003223 
2.080000 	 0.003223 
2.090000 	 0.003223 
2.100000 	 0.003223 
2.110000 	 0.003223 
2.120000 	 0.003223 
2.130000 	 0.003223 
2.140000 	 0.003223 
2.150000 	 0.003223 
2.160000 	 0.003223 
2.170000 	 0.003223 
2.180000 	 0.003223 
2.190000 	 0.003223 
2.200000 	 0.003223 
2.210000 	 0.003224 
2.220000 	 0.003224 
2.230000 	 0.003224 
2.240000 	 0.003225 
2.250000 	 0.003225 
2.260000 	 0.003225 
2.270000 	 0.003226 
2.280000 	 0.003226 
2.290000 	 0.003226 
2.300000 	 0.003227 
2.310000 	 0.003227 
2.320000 	 0.003228 
2.330000 	 0.003228 
2.340000 	 0.003229 
2.350000 	 0.003229 
2.360000 	 0.003230 
2.370000 	 0.003230 
2.380000 	 0.003231 
2.390000 	 0.003232 
2.400000 	 0.003232 
2.410000 	 0.003233 
2.420000 	 0.003234 
2.430000 	 0.003234 
2.440000 	 0.003235 
2.450000 	 0.003236 
2.460000 	 0.003237 
2.470000 	 0.003238 
2.480000 	 0.003238 
2.490000 	 0.003239 
2.500000 	 0.003240 
2.510000 	 0.003241 
2.520000 	 0.003242 
2.530000 	 0.003243 
2.540000 	 0.003244 
2.550000 	 0.003245 
2.560000 	 0.003246 
2.570000 	 0.003247 
2.580000 	 0.003248 
2.590000 	 0.003249 
2.600000 	 0.003250 
2.610000 	 0.003251 
2.620000 	 0.003253 
2.630000 	 0.003254 
2.640000 	 0.003255 
2.650000 	 0.003256 
2.660000 	 0.003258 
2.670000 	 0.003259 
2.680000 	 0.003260 
2.690000 	 0.003261 
2.700000 	 0.003263 
2.710000 	 0.003264 
2.720000 	 0.003266 
2.730000 	 0.003267 
2.740000 	 0.003268 
2.750000 	 0.003270 
2.760000 	 0.003271 
2.770000 	 0.003273 
2.780000 	 0.003275 
2.790000 	 0.003276 
2.800000 	 0.003278 
2.810000 	 0.003279 
2.820000 	 0.003281 
2.830000 	 0.003283 
2.840000 	 0.003284 
2.850000 	 0.003286 
2.860000 	 0.003288 
2.870000 	 0.003289 
2.880000 	 0.003291 
2.890000 	 0.003293 
2.900000 	 0.003295 
2.910000 	 0.003297 
2.920000 	 0.003299 
2.930000 	 0.003300 
2.940000 	 0.003302 
2.950000 	 0.003304 
2.960000 	 0.003306 
2.970000 	 0.003308 
2.980000 	 0.003310 
2.990000 	 0.003312 
3.000000 	 0.003314 
3.010000 	 0.003316 
3.020000 	 0.003318 
3.030000 	 0.003321 
3.040000 	 0.003323 
3.050000 	 0.003325 
3.060000 	 0.003327 
3.070000 	 0.003329 
3.080000 	 0.003332 
3.090000 	 0.003334 
3.100000 	 0.003336 
3.110000 	 0.003338 
3.120000 	 0.003341 
3.130000 	 0.003343 
3.140000 	 0.003346 
3.150000 	 0.003348 
3.160000 	 0.003350 
3.170000 	 0.003353 
3.180000 	 0.003355 
3.190000 	 0.003358 
3.200000 	 0.003360 
3.210000 	 0.003363 
3.220000 	 0.003366 
3.230000 	 0.003368 
3.240000 	 0.003371 
3.250000 	 0.003373 
3.260000 	 0.003376 
3.270000 	 0.003379 
3.280000 	 0.003382 
3.290000 	 0.003384 
3.300000 	 0.003387 
3.310000 	 0.003390 
3.320000 	 0.003393 
3.330000 	 0.003396 
3.340000 	 0.003398 
3.350000 	 0.003401 
3.360000 	 0.003404 
3.370000 	 0.003407 
3.380000 	 0.003410 
3.390000 	 0.003413 
3.400000 	 0.003416 
3.410000 	 0.003419 
3.420000 	 0.003422 
3.430000 	 0.003425 
3.440000 	 0.003428 
3.450000 	 0.003432 
3.460000 	 0.003435 
3.470000 	 0.003438 
3.480000 	 0.003441 
3.490000 	 0.003444 
3.500000 	 0.003448 
3.510000 	 0.003451 
3.520000 	 0.003454 
3.530000 	 0.003458 
3.540000 	 0.003461 
3.550000 	 0.003464 
3.560000 	 0.003468 
3.570000 	 0.003471 
3.580000 	 0.003475 
3.590000 	 0.003478 
3.600000 	 0.003482 
3.610000 	 0.003485 
3.620000 	 0.003489 
3.630000 	 0.003492 
3.640000 	 0.003496 
3.650000 	 0.003499 
3.660000 	 0.003503 
3.670000 	 0.003507 
3.680000 	 0.003510 
3.690000 	 0.003514 
3.700000 	 0.003518 
3.710000 	 0.003522 
3.720000 	 0.003526 
3.730000 	 0.003529 
3.740000 	 0.003533 
3.750000 	 0.003537 
3.760000 	 0.003541 
3.770000 	 0.003545 
3.780000 	 0.003549 
3.790000 	 0.003553 
3.800000 	 0.003557 
3.810000 	 0.003561 
3.820000 	 0.003565 
3.830000 	 0.003569 
3.840000 	 0.003573 
3.850000 	 0.003577 
3.860000 	 0.003581 
3.870000 	 0.003586 
3.880000 	 0.003590 
3.890000 	 0.003594 
3.900000 	 0.003598 
3.910000 	 0.003603 
3.920000 	 0.003607 
3.930000 	 0.003611 
3.940000 	 0.003616 
3.950000 	 0.003620 
3.960000 	 0.003624 
3.970000 	 0.003629 
3.980000 	 0.003633 
3.990000 	 0.003638 
4.000000 	 0.003642 
4.010000 	 0.003647 
4.020000 	 0.003651 
4.030000 	 0.003656 
4.040000 	 0.003661 
4.050000 	 0.003665 
4.060000 	 0.003670 
4.070000 	 0.003675 
4.080000 	 0.003679 
4.090000 	 0.003684 
4.100000 	 0.003689 
4.110000 	 0.003694 
4.120000 	 0.003699 
4.130000 	 0.003704 
4.140000 	 0.003708 
4.150000 	 0.003713 
4.160000 	 0.003718 
4.170000 	 0.003723 
4.180000 	 0.003728 
4.190000 	 0.003733 
4.200000 	 0.003738 
4.210000 	 0.003743 
4.220000 	 0.003748 
4.230000 	 0.003754 
4.240000 	 0.003759 
4.250000 	 0.003764 
4.260000 	 0.003769 
4.270000 	 0.003774 
4.280000 	 0.003780 
4.290000 	 0.003785 
4.300000 	 0.003790 
4.310000 	 0.003796 
4.320000 	 0.003801 
4.330000 	 0.003806 
4.340000 	 0.003812 
4.350000 	 0.003817 
4.360000 	 0.003823 
4.370000 	 0.003828 
4.380000 	 0.003834 
4.390000 	 0.003839 
4.400000 	 0.003845 
4.410000 	 0.003850 
4.420000 	 0.003856 
4.430000 	 0.003862 
4.440000 	 0.003867 
4.450000 	 0.003873 
4.460000 	 0.003879 
4.470000 	 0.003885 
4.480000 	 0.003890 
4.490000 	 0.003896 
4.500000 	 0.003902 
4.510000 	 0.003908 
4.520000 	 0.003914 
4.530000 	 0.003920 
4.540000 	 0.003926 
4.550000 	 0.003932 
4.560000 	 0.003938 
4.570000 	 0.003944 
4.580000 	 0.003950 
4.590000 	 0.003956 
4.600000 	 0.003962 
4.610000 	 0.003969 
4.620000 	 0.003975 
4.630000 	 0.003981 
4.640000 	 0.003987 
4.650000 	 0.003993 
4.660000 	 0.004000 
4.670000 	 0.004006 
4.680000 	 0.004012 
4.690000 	 0.004019 
4.700000 	 0.004025 
4.710000 	 0.004032 
4.720000 	 0.004038 
4.730000 	 0.004045 
4.740000 	 0.004051 
4.750000 	 0.004058 
4.760000 	 0.004064 
4.770000 	 0.004071 
4.780000 	 0.004078 
4.790000 	 0.004084 
4.800000 	 0.004091 
4.810000 	 0.004098 
4.820000 	 0.004105 
4.830000 	 0.004111 
4.840000 	 0.004118 
4.850000 	 0.004125 
4.860000 	 0.004132 
4.870000 	 0.004139 
4.880000 	 0.004146 
4.890000 	 0.004153 
4.900000 	 0.004160 
4.910000 	 0.004167 
4.920000 	 0.004174 
4.930000 	 0.004181 
4.940000 	 0.004188 
4.950000 	 0.004195 
4.960000 	 0.004203 
4.970000 	 0.004210 
4.980000 	 0.004217 
4.990000 	 0.004224 
5.000000 	 0.004232 
5.010000 	 0.004239 
5.020000 	 0.004246 
5.030000 	 0.004254 
5.040000 	 0.004261 
5.050000 	 0.004269 
5.060000 	 0.004276 
5.070000 	 0.004284 
5.080000 	 0.004291 
5.090000 	 0.004299 
5.100000 	 0.004306 
5.110000 	 0.004314 
5.120000 	 0.004322 
5.130000 	 0.004329 
5.140000 	 0.004337 
5.150000 	 0.004345 
5.160000 	 0.004353 
5.170000 	 0.004361 
5.180000 	 0.004368 
5.190000 	 0.004376 
5.200000 	 0.004384 
5.210000 	 0.004392 
5.220000 	 0.004400 
5.230000 	 0.004408 
5.240000 	 0.004416 
5.250000 	 0.004424 
5.260000 	 0.004432 
5.270000 	 0.004441 
5.280000 	 0.004449 
5.290000 	 0.004457 
5.300000 	 0.004465 
5.310000 	 0.004473 
5.320000 	 0.004482 
5.330000 	 0.004490 
5.340000 	 0.004498 
5.350000 	 0.004507 
5.360000 	 0.004515 
5.370000 	 0.004524 
5.380000 	 0.004532 
5.390000 	 0.004541 
5.400000 	 0.004549 
5.410000 	 0.004558 
5.420000 	 0.004566 
5.430000 	 0.004575 
5.440000 	 0.004584 
5.450000 	 0.004593 
5.460000 	 0.004601 
5.470000 	 0.004610 
5.480000 	 0.004619 
5.490000 	 0.004628 
5.500000 	 0.004637 
5.510000 	 0.004646 
5.520000 	 0.004654 
5.530000 	 0.004663 
5.540000 	 0.004672 
5.550000 	 0.004682 
5.560000 	 0.004691 
5.570000 	 0.004700 
5.580000 	 0.004709 
5.590000 	 0.004718 
5.600000 	 0.004727 
5.610000 	 0.004737 
5.620000 	 0.004746 
5.630000 	 0.004755 
5.640000 	 0.004764 
5.650000 	 0.004774 
5.660000 	 0.004783 
5.670000 	 0.004793 
5.680000 	 0.004802 
5.690000 	 0.004812 
5.700000 	 0.004821 
5.710000 	 0.004831 
5.720000 	 0.004841 
5.730000 	 0.004850 
5.740000 	 0.004860 
5.750000 	 0.004870 
5.760000 	 0.004879 
5.770000 	 0.004889 
5.780000 	 0.004899 
5.790000 	 0.004909 
5.800000 	 0.004919 
5.810000 	 0.004929 
5.820000 	 0.004939 
5.830000 	 0.004949 
5.840000 	 0.004959 
5.850000 	 0.004969 
5.860000 	 0.004979 
5.870000 	 0.004989 
5.880000 	 0.004999 
5.890000 	 0.005010 
5.900000 	 0.005020 
5.910000 	 0.005030 
5.920000 	 0.005040 
5.930000 	 0.005051 
5.940000 	 0.005061 
5.950000 	 0.005072 
5.960000 	 0.005082 
5.970000 	 0.005093 
5.980000 	 0.005103 
5.990000 	 0.005114 
6.000000 	 0.005124 
6.010000 	 0.005072 
6.020000 	 0.005019 
6.030000 	 0.004968 
6.040000 	 0.004917 
6.050000 	 0.004866 
6.060000 	 0.004816 
6.070000 	 0.004767 
6.080000 	 0.004717 
6.090000 	 0.004669 
6.100000 	 0.004621 
6.110000 	 0.004573 
6.120000 	 0.004526 
6.130000 	 0.004480 
6.140000 	 0.004434 
6.150000 	 0.004388 
6.160000 	 0.004343 
6.170000 	 0.004298 
6.180000 	 0.004254 
6.190000 	 0.004210 
6.200000 	 0.004167 
6.210000 	 0.004124 
6.220000 	 0.004082 
6.230000 	 0.004040 
6.240000 	 0.003998 
6.250000 	 0.003957 
6.260000 	 0.003916 
6.270000 	 0.003876 
6.280000 	 0.003836 
6.290000 	 0.003797 
6.300000 	 0.003758 
6.310000 	 0.003719 
6.320000 	 0.003681 
6.330000 	 0.003643 
6.340000 	 0.003605 
6.350000 	 0.003568 
6.360000 	 0.003532 
6.370000 	 0.003495 
6.380000 	 0.003459 
6.390000 	 0.003424 
6.400000 	 0.003389 
6.410000 	 0.003354 
6.420000 	 0.003319 
6.430000 	 0.003285 
6.440000 	 0.003251 
6.450000 	 0.003218 
6.460000 	 0.003185 
6.470000 	 0.003152 
6.480000 	 0.003119 
6.490000 	 0.003087 
6.500000 	 0.003056 
6.510000 	 0.003024 
6.520000 	 0.002993 
6.530000 	 0.002962 
6.540000 	 0.002932 
6.550000 	 0.002902 
6.560000 	 0.002872 
6.570000 	 0.002842 
6.580000 	 0.002813 
6.590000 	 0.002784 
6.600000 	 0.002755 
6.610000 	 0.002727 
6.620000 	 0.002699 
6.630000 	 0.002671 
6.640000 	 0.002644 
6.650000 	 0.002617 
6.660000 	 0.002590 
6.670000 	 0.002563 
6.680000 	 0.002537 
6.690000 	 0.002511 
6.700000 	 0.002485 
6.710000 	 0.002459 
6.720000 	 0.002434 
6.730000 	 0.002409 
6.740000 	 0.002384 
6.750000 	 0.002360 
6.760000 	 0.002335 
6.770000 	 0.002311 
6.780000 	 0.002288 
6.790000 	 0.002264 
6.800000 	 0.002241 
6.810000 	 0.002218 
6.820000 	 0.002195 
6.830000 	 0.002172 
6.840000 	 0.002150 
6.850000 	 0.002128 
6.860000 	 0.002106 
6.870000 	 0.002084 
6.880000 	 0.002063 
6.890000 	 0.002042 
6.900000 	 0.002021 
6.910000 	 0.002000 
6.920000 	 0.001979 
6.930000 	 0.001959 
6.940000 	 0.001939 
6.950000 	 0.001919 
6.960000 	 0.001899 
6.970000 	 0.001879 
6.980000 	 0.001860 
6.990000 	 0.001841 
7.000000 	 0.001822 
7.010000 	 0.001803 
7.020000 	 0.001785 
7.030000 	 0.001766 
7.040000 	 0.001748 
7.050000 	 0.001730 
7.060000 	 0.001712 
7.070000 	 0.001695 
7.080000 	 0.001677 
7.090000 	 0.001660 
7.100000 	 0.001643 
7.110000 	 0.001626 
7.120000 	 0.001609 
7.130000 	 0.001593 
7.140000 	 0.001577 
7.150000 	 0.001560 
7.160000 	 0.001544 
7.170000 	 0.001528 
7.180000 	 0.001513 
7.190000 	 0.001497 
7.200000 	 0.001482 
7.210000 	 0.001466 
7.220000 	 0.001451 
7.230000 	 0.001436 
7.240000 	 0.001422 
7.250000 	 0.001407 
7.260000 	 0.001393 
7.270000 	 0.001378 
7.280000 	 0.001364 
7.290000 	 0.001350 
7.300000 	 0.001336 
7.310000 	 0.001322 
7.320000 	 0.001309 
7.330000 	 0.001295 
7.340000 	 0.001282 
7.350000 	 0.001269 
7.360000 	 0.001256 
7.370000 	 0.001243 
7.380000 	 0.001230 
7.390000 	 0.001217 
7.400000 	 0.001205 
7.410000 	 0.001192 
7.420000 	 0.001180 
7.430000 	 0.001168 
7.440000 	 0.001156 
7.450000 	 0.001144 
7.460000 	 0.001132 
7.470000 	 0.001121 
7.480000 	 0.001109 
7.490000 	 0.001098 
7.500000 	 0.001087 
7.510000 	 0.001075 
7.520000 	 0.001064 
7.530000 	 0.001053 
7.540000 	 0.001042 
7.550000 	 0.001032 
7.560000 	 0.001021 
7.570000 	 0.001011 
7.580000 	 0.001000 
7.590000 	 0.000990 
7.600000 	 0.000980 
7.610000 	 0.000970 
7.620000 	 0.000960 
7.630000 	 0.000950 
7.640000 	 0.000940 
7.650000 	 0.000930 
7.660000 	 0.000921 
7.670000 	 0.000911 
7.680000 	 0.000902 
7.690000 	 0.000893 
7.700000 	 0.000884 
7.710000 	 0.000874 
7.720000 	 0.000865 
7.730000 	 0.000857 
7.740000 	 0.000848 
7.750000 	 0.000839 
7.760000 	 0.000830 
7.770000 	 0.000822 
7.780000 	 0.000813 
7.790000 	 0.000805 
7.800000 	 0.000797 
7.810000 	 0.000789 
7.820000 	 0.000780 
7.830000 	 0.000772 
7.840000 	 0.000764 
7.850000 	 0.000757 
7.860000 	 0.000749 
7.870000 	 0.000741 
7.880000 	 0.000733 
7.890000 	 0.000726 
7.900000 	 0.000718 
7.910000 	 0.000711 
7.920000 	 0.000704 
7.930000 	 0.000697 
7.940000 	 0.000689 
7.950000 	 0.000682 
7.960000 	 0.000675 
7.970000 	 0.000668 
7.980000 	 0.000661 
7.990000 	 0.000655 
8.000000 	 0.000648 
8.010000 	 0.000641 
8.020000 	 0.000635 
8.030000 	 0.000628 
8.040000 	 0.000622 
8.050000 	 0.000615 
8.060000 	 0.000609 
8.070000 	 0.000603 
8.080000 	 0.000596 
8.090000 	 0.000590 
8.100000 	 0.000584 
8.110000 	 0.000578 
8.120000 	 0.000572 
8.130000 	 0.000566 
8.140000 	 0.000561 
8.150000 	 0.000555 
8.160000 	 0.000549 
8.170000 	 0.000543 
8.180000 	 0.000538 
8.190000 	 0.000532 
8.200000 	 0.000527 
8.210000 	 0.000521 
8.220000 	 0.000516 
8.230000 	 0.000511 
8.240000 	 0.000505 
8.250000 	 0.000500 
8.260000 	 0.000495 
8.270000 	 0.000490 
8.280000 	 0.000485 
8.290000 	 0.000480 
8.300000 	 0.000475 
8.310000 	 0.000470 
8.320000 	 0.000465 
8.330000 	 0.000461 
8.340000 	 0.000456 
8.350000 	 0.000451 
8.360000 	 0.000447 
8.370000 	 0.000442 
8.380000 	 0.000437 
8.390000 	 0.000433 
8.400000 	 0.000428 
8.410000 	 0.000424 
8.420000 	 0.000420 
8.430000 	 0.000415 
8.440000 	 0.000411 
8.450000 	 0.000407 
8.460000 	 0.000403 
8.470000 	 0.000399 
8.480000 	 0.000394 
8.490000 	 0.000390 
8.500000 	 0.000386 
8.510000 	 0.000382 
8.520000 	 0.000378 
8.530000 	 0.000375 
8.540000 	 0.000371 
8.550000 	 0.000367 
8.560000 	 0.000363 
8.570000 	 0.000359 
8.580000 	 0.000356 
8.590000 	 0.000352 
8.600000 	 0.000348 
8.610000 	 0.000345 
8.620000 	 0.000341 
8.630000 	 0.000338 
8.640000 	 0.000334 
8.650000 	 0.000331 
8.660000 	 0.000327 
8.670000 	 0.000324 
8.680000 	 0.000321 
8.690000 	 0.000317 
8.700000 	 0.000314 
8.710000 	 0.000311 
8.720000 	 0.000308 
8.730000 	 0.000305 
8.740000 	 0.000301 
8.750000 	 0.000298 
8.760000 	 0.000295 
8.770000 	 0.000292 
8.780000 	 0.000289 
8.790000 	 0.000286 
8.800000 	 0.000283 
8.810000 	 0.000280 
8.820000 	 0.000277 
8.830000 	 0.000275 
8.840000 	 0.000272 
8.850000 	 0.000269 
8.860000 	 0.000266 
8.870000 	 0.000264 
8.880000 	 0.000261 
8.890000 	 0.000258 
8.900000 	 0.000255 
8.910000 	 0.000253 
8.920000 	 0.000250 
8.930000 	 0.000248 
8.940000 	 0.000245 
8.950000 	 0.000243 
8.960000 	 0.000240 
8.970000 	 0.000238 
8.980000 	 0.000235 
8.990000 	 0.000233 
9.000000 	 0.000230 
9.010000 	 0.000228 
9.020000 	 0.000226 
9.030000 	 0.000223 
9.040000 	 0.000221 
9.050000 	 0.000219 
9.060000 	 0.000217 
9.070000 	 0.000214 
9.080000 	 0.000212 
9.090000 	 0.000210 
9.100000 	 0.000208 
9.110000 	 0.000206 
9.120000 	 0.000203 
9.130000 	 0.000201 
9.140000 	 0.000199 
9.150000 	 0.000197 
9.160000 	 0.000195 
9.170000 	 0.000193 
9.180000 	 0.000191 
9.190000 	 0.000189 
9.200000 	 0.000187 
9.210000 	 0.000185 
9.220000 	 0.000183 
9.230000 	 0.000182 
9.240000 	 0.000180 
9.250000 	 0.000178 
9.260000 	 0.000176 
9.270000 	 0.000174 
9.280000 	 0.000172 
9.290000 	 0.000171 
9.300000 	 0.000169 
9.310000 	 0.000167 
9.320000 	 0.000165 
9.330000 	 0.000164 
9.340000 	 0.000162 
9.350000 	 0.000160 
9.360000 	 0.000159 
9.370000 	 0.000157 
9.380000 	 0.000156 
9.390000 	 0.000154 
9.400000 	 0.000152 
9.410000 	 0.000151 
9.420000 	 0.000149 
9.430000 	 0.000148 
9.440000 	 0.000146 
9.450000 	 0.000145 
9.460000 	 0.000143 
9.470000 	 0.000142 
9.480000 	 0.000140 
9.490000 	 0.000139 
9.500000 	 0.000137 
9.510000 	 0.000136 
9.520000 	 0.000135 
9.530000 	 0.000133 
9.540000 	 0.000132 
9.550000 	 0.000130 
9.560000 	 0.000129 
9.570000 	 0.000128 
9.580000 	 0.000126 
9.590000 	 0.000125 
9.600000 	 0.000124 
9.610000 	 0.000123 
9.620000 	 0.000121 
9.630000 	 0.000120 
9.640000 	 0.000119 
9.650000 	 0.000118 
9.660000 	 0.000116 
9.670000 	 0.000115 
9.680000 	 0.000114 
9.690000 	 0.000113 
9.700000 	 0.000112 
9.710000 	 0.000111 
9.720000 	 0.000109 
9.730000 	 0.000108 
9.740000 	 0.000107 
9.750000 	 0.000106 
9.760000 	 0.000105 
9.770000 	 0.000104 
9.780000 	 0.000103 
9.790000 	 0.000102 
9.800000 	 0.000101 
9.810000 	 0.000100 
9.820000 	 0.000099 
9.830000 	 0.000098 
9.840000 	 0.000097 
9.850000 	 0.000096 
9.860000 	 0.000095 
9.870000 	 0.000094 
9.880000 	 0.000093 
9.890000 	 0.000092 
9.900000 	 0.000091 
9.910000 	 0.000090 
9.920000 	 0.000089 
9.930000 	 0.000088 
9.940000 	 0.000087 
9.950000 	 0.000086 
9.960000 	 0.000085 
9.970000 	 0.000084 
9.980000 	 0.000084 
9.990000 	 0.000083 
10.000000 	 0.000082 
10.010000 	 0.000081 
10.020000 	 0.000080 
10.030000 	 0.000079 
10.040000 	 0.000079 
10.050000 	 0.000078 
10.060000 	 0.000077 
10.070000 	 0.000076 
10.080000 	 0.000075 
10.090000 	 0.000075 
10.100000 	 0.000074 
10.110000 	 0.000073 
10.120000 	 0.000072 
10.130000 	 0.000072 
10.140000 	 0.000071 
10.150000 	 0.000070 
10.160000 	 0.000069 
10.170000 	 0.000069 
10.180000 	 0.000068 
10.190000 	 0.000067 
10.200000 	 0.000067 
10.210000 	 0.000066 
10.220000 	 0.000065 
10.230000 	 0.000065 
10.240000 	 0.000064 
10.250000 	 0.000063 
10.260000 	 0.000063 
10.270000 	 0.000062 
10.280000 	 0.000061 
10.290000 	 0.000061 
10.300000 	 0.000060 
10.310000 	 0.000059 
10.320000 	 0.000059 
10.330000 	 0.000058 
10.340000 	 0.000058 
10.350000 	 0.000057 
10.360000 	 0.000056 
10.370000 	 0.000056 
10.380000 	 0.000055 
10.390000 	 0.000055 
10.400000 	 0.000054 
10.410000 	 0.000054 
10.420000 	 0.000053 
10.430000 	 0.000053 
10.440000 	 0.000052 
10.450000 	 0.000051 
10.460000 	 0.000051 
10.470000 	 0.000050 
10.480000 	 0.000050 
10.490000 	 0.000049 
10.500000 	 0.000049 
10.510000 	 0.000048 
10.520000 	 0.000048 
10.530000 	 0.000047 
10.540000 	 0.000047 
10.550000 	 0.000046 
10.560000 	 0.000046 
10.570000 	 0.000045 
10.580000 	 0.000045 
10.590000 	 0.000045 
10.600000 	 0.000044 
10.610000 	 0.000044 
10.620000 	 0.000043 
10.630000 	 0.000043 
10.640000 	 0.000042 
10.650000 	 0.000042 
10.660000 	 0.000041 
10.670000 	 0.000041 
10.680000 	 0.000041 
10.690000 	 0.000040 
10.700000 	 0.000040 
10.710000 	 0.000039 
10.720000 	 0.000039 
10.730000 	 0.000039 
10.740000 	 0.000038 
10.750000 	 0.000038 
10.760000 	 0.000037 
10.770000 	 0.000037 
10.780000 	 0.000037 
10.790000 	 0.000036 
10.800000 	 0.000036 
10.810000 	 0.000035 
10.820000 	 0.000035 
10.830000 	 0.000035 
10.840000 	 0.000034 
10.850000 	 0.000034 
10.860000 	 0.000034 
10.870000 	 0.000033 
10.880000 	 0.000033 
10.890000 	 0.000033 
10.900000 	 0.000032 
10.910000 	 0.000032 
10.920000 	 0.000032 
10.930000 	 0.000031 
10.940000 	 0.000031 
10.950000 	 0.000031 
10.960000 	 0.000030 
10.970000 	 0.000030 
10.980000 	 0.000030 
10.990000 	 0.000029 
11.000000 	 0.000029 
11.010000 	 0.000029 
11.020000 	 0.000029 
11.030000 	 0.000028 
11.040000 	 0.000028 
11.050000 	 0.000028 
11.060000 	 0.000027 
11.070000 	 0.000027 
11.080000 	 0.000027 
11.090000 	 0.000027 
11.100000 	 0.000026 
11.110000 	 0.000026 
11.120000 	 0.000026 
11.130000 	 0.000025 
11.140000 	 0.000025 
11.150000 	 0.000025 
11.160000 	 0.000025 
11.170000 	 0.000024 
11.180000 	 0.000024 
11.190000 	 0.000024 
11.200000 	 0.000024 
11.210000 	 0.000023 
11.220000 	 0.000023 
11.230000 	 0.000023 
11.240000 	 0.000023 
11.250000 	 0.000022 
11.260000 	 0.000022 
11.270000 	 0.000022 
11.280000 	 0.000022 
11.290000 	 0.000022 
11.300000 	 0.000021 
11.310000 	 0.000021 
11.320000 	 0.000021 
11.330000 	 0.000021 
11.340000 	 0.000020 
11.350000 	 0.000020 
11.360000 	 0.000020 
11.370000 	 0.000020 
11.380000 	 0.000020 
11.390000 	 0.000019 
11.400000 	 0.000019 
11.410000 	 0.000019 
11.420000 	 0.000019 
11.430000 	 0.000019 
11.440000 	 0.000018 
11.450000 	 0.000018 
11.460000 	 0.000018 
11.470000 	 0.000018 
11.480000 	 0.000018 
11.490000 	 0.000018 
11.500000 	 0.000017 
11.510000 	 0.000017 
11.520000 	 0.000017 
11.530000 	 0.000017 
11.540000 	 0.000017 
11.550000 	 0.000016 
11.560000 	 0.000016 
11.570000 	 0.000016 
11.580000 	 0.000016 
11.590000 	 0.000016 
11.600000 	 0.000016 
11.610000 	 0.000016 
11.620000 	 0.000015 
11.630000 	 0.000015 
11.640000 	 0.000015 
11.650000 	 0.000015 
11.660000 	 0.000015 
11.670000 	 0.000015 
11.680000 	 0.000014 
11.690000 	 0.000014 
11.700000 	 0.000014 
11.710000 	 0.000014 
11.720000 	 0.000014 
11.730000 	 0.000014 
11.740000 	 0.000014 
11.750000 	 0.000013 
11.760000 	 0.000013 
11.770000 	 0.000013 
11.780000 	 0.000013 
11.790000 	 0.000013 
11.800000 	 0.000013 
11.810000 	 0.000013 
11.820000 	 0.000012 
11.830000 	 0.000012 
11.840000 	 0.000012 
11.850000 	 0.000012 
11.860000 	 0.000012 
11.870000 	 0.000012 
11.880000 	 0.000012 
11.890000 	 0.000012 
11.900000 	 0.000011 
11.910000 	 0.000011 
11.920000 	 0.000011 
11.930000 	 0.000011 
11.940000 	 0.000011 
11.950000 	 0.000011 
11.960000 	 0.000011 
11.970000 	 0.000011 
11.980000 	 0.000011 
11.990000 	 0.000010 
12.000000 	 0.000010 
12.010000 	 0.000010 
12.020000 	 0.000010 
12.030000 	 0.000010 
12.040000 	 0.000010 
12.050000 	 0.000010 
12.060000 	 0.000010 
12.070000 	 0.000010 
12.080000 	 0.000010 
12.090000 	 0.000009 
12.100000 	 0.000009 
12.110000 	 0.000009 
12.120000 	 0.000009 
12.130000 	 0.000009 
12.140000 	 0.000009 
12.150000 	 0.000009 
12.160000 	 0.000009 
12.170000 	 0.000009 
12.180000 	 0.000009 
12.190000 	 0.000009 
12.200000 	 0.000008 
12.210000 	 0.000008 
12.220000 	 0.000008 
12.230000 	 0.000008 
12.240000 	 0.000008 
12.250000 	 0.000008 
12.260000 	 0.000008 
12.270000 	 0.000008 
12.280000 	 0.000008 
12.290000 	 0.000008 
12.300000 	 0.000008 
12.310000 	 0.000008 
12.320000 	 0.000007 
12.330000 	 0.000007 
12.340000 	 0.000007 
12.350000 	 0.000007 
12.360000 	 0.000007 
12.370000 	 0.000007 
12.380000 	 0.000007 
12.390000 	 0.000007 
12.400000 	 0.000007 
12.410000 	 0.000007 
12.420000 	 0.000007 
12.430000 	 0.000007 
12.440000 	 0.000007 
12.450000 	 0.000007 
12.460000 	 0.000006 
12.470000 	 0.000006 
12.480000 	 0.000006 
12.490000 	 0.000006 
12.500000 	 0.000006 
12.510000 	 0.000006 
12.520000 	 0.000006 
12.530000 	 0.000006 
12.540000 	 0.000006 
12.550000 	 0.000006 
12.560000 	 0.000006 
12.570000 	 0.000006 
12.580000 	 0.000006 
12.590000 	 0.000006 
12.600000 	 0.000006 
12.610000 	 0.000006 
12.620000 	 0.000005 
12.630000 	 0.000005 
12.640000 	 0.000005 
12.650000 	 0.000005 
12.660000 	 0.000005 
12.670000 	 0.000005 
12.680000 	 0.000005 
12.690000 	 0.000005 
12.700000 	 0.000005 
12.710000 	 0.000005 
12.720000 	 0.000005 
12.730000 	 0.000005 
12.740000 	 0.000005 
12.750000 	 0.000005 
12.760000 	 0.000005 
12.770000 	 0.000005 
12.780000 	 0.000005 
12.790000 	 0.000005 
12.800000 	 0.000005 
12.810000 	 0.000004 
12.820000 	 0.000004 
12.830000 	 0.000004 
12.840000 	 0.000004 
12.850000 	 0.000004 
12.860000 	 0.000004 
12.870000 	 0.000004 
12.880000 	 0.000004 
12.890000 	 0.000004 
12.900000 	 0.000004 
12.910000 	 0.000004 
12.920000 	 0.000004 
12.930000 	 0.000004 
12.940000 	 0.000004 
12.950000 	 0.000004 
12.960000 	 0.000004 
12.970000 	 0.000004 
12.980000 	 0.000004 
12.990000 	 0.000004 
13.000000 	 0.000004 
13.010000 	 0.000004 
13.020000 	 0.000004 
13.030000 	 0.000004 
13.040000 	 0.000004 
13.050000 	 0.000003 
13.060000 	 0.000003 
13.070000 	 0.000003 
13.080000 	 0.000003 
13.090000 	 0.000003 
13.100000 	 0.000003 
13.110000 	 0.000003 
13.120000 	 0.000003 
13.130000 	 0.000003 
13.140000 	 0.000003 
13.150000 	 0.000003 
13.160000 	 0.000003 
13.170000 	 0.000003 
13.180000 	 0.000003 
13.190000 	 0.000003 
13.200000 	 0.000003 
13.210000 	 0.000003 
13.220000 	 0.000003 
13.230000 	 0.000003 
13.240000 	 0.000003 
13.250000 	 0.000003 
13.260000 	 0.000003 
13.270000 	 0.000003 
13.280000 	 0.000003 
13.290000 	 0.000003 
13.300000 	 0.000003 
13.310000 	 0.000003 
13.320000 	 0.000003 
13.330000 	 0.000003 
13.340000 	 0.000003 
13.350000 	 0.000003 
13.360000 	 0.000003 
13.370000 	 0.000003 
13.380000 	 0.000002 
13.390000 	 0.000002 
13.400000 	 0.000002 
13.410000 	 0.000002 
13.420000 	 0.000002 
13.430000 	 0.000002 
13.440000 	 0.000002 
13.450000 	 0.000002 
13.460000 	 0.000002 
13.470000 	 0.000002 
13.480000 	 0.000002 
13.490000 	 0.000002 
13.500000 	 0.000002 
13.510000 	 0.000002 
13.520000 	 0.000002 
13.530000 	 0.000002 
13.540000 	 0.000002 
13.550000 	 0.000002 
13.560000 	 0.000002 
13.570000 	 0.000002 
13.580000 	 0.000002 
13.590000 	 0.000002 
13.600000 	 0.000002 
13.610000 	 0.000002 
13.620000 	 0.000002 
13.630000 	 0.000002 
13.640000 	 0.000002 
13.650000 	 0.000002 
13.660000 	 0.000002 
13.670000 	 0.000002 
13.680000 	 0.000002 
13.690000 	 0.000002 
13.700000 	 0.000002 
13.710000 	 0.000002 
13.720000 	 0.000002 
13.730000 	 0.000002 
13.740000 	 0.000002 
13.750000 	 0.000002 
13.760000 	 0.000002 
13.770000 	 0.000002 
13.780000 	 0.000002 
13.790000 	 0.000002 
13.800000 	 0.000002 
13.810000 	 0.000002 
13.820000 	 0.000002 
13.830000 	 0.000002 
13.840000 	 0.000002 
13.850000 	 0.000002 
13.860000 	 0.000002 
13.870000 	 0.000001 
13.880000 	 0.000001 
13.890000 	 0.000001 
13.900000 	 0.000001 
13.910000 	 0.000001 
13.920000 	 0.000001 
13.930000 	 0.000001 
13.940000 	 0.000001 
13.950000 	 0.000001 
13.960000 	 0.000001 
13.970000 	 0.000001 
13.980000 	 0.000001 
13.990000 	 0.000001 
14.000000 	 0.000001 
14.010000 	 0.000001 
14.020000 	 0.000001 
14.030000 	 0.000001 
14.040000 	 0.000001 
14.050000 	 0.000001 
14.060000 	 0.000001 
14.070000 	 0.000001 
14.080000 	 0.000001 
14.090000 	 0.000001 
14.100000 	 0.000001 
14.110000 	 0.000001 
14.120000 	 0.000001 
14.130000 	 0.000001 
14.140000 	 0.000001 
14.150000 	 0.000001 
14.160000 	 0.000001 
14.170000 	 0.000001 
14.180000 	 0.000001 
14.190000 	 0.000001 
14.200000 	 0.000001 
14.210000 	 0.000001 
14.220000 	 0.000001 
14.230000 	 0.000001 
14.240000 	 0.000001 
14.250000 	 0.000001 
14.260000 	 0.000001 
14.270000 	 0.000001 
14.280000 	 0.000001 
14.290000 	 0.000001 
14.300000 	 0.000001 
14.310000 	 0.000001 
14.320000 	 0.000001 
14.330000 	 0.000001 
14.340000 	 0.000001 
14.350000 	 0.000001 
14.360000 	 0.000001 
14.370000 	 0.000001 
14.380000 	 0.000001 
14.390000 	 0.000001 
14.400000 	 0.000001 
14.410000 	 0.000001 
14.420000 	 0.000001 
14.430000 	 0.000001 
14.440000 	 0.000001 
14.450000 	 0.000001 
14.460000 	 0.000001 
14.470000 	 0.000001 
14.480000 	 0.000001 
14.490000 	 0.000001 
14.500000 	 0.000001 
14.510000 	 0.000001 
14.520000 	 0.000001 
14.530000 	 0.000001 
14.540000 	 0.000001 
14.550000 	 0.000001 
14.560000 	 0.000001 
14.570000 	 0.000001 
14.580000 	 0.000001 
14.590000 	 0.000001 
14.600000 	 0.000001 
14.610000 	 0.000001 
14.620000 	 0.000001 
14.630000 	 0.000001 
14.640000 	 0.000001 
14.650000 	 0.000001 
14.660000 	 0.000001 
14.670000 	 0.000001 
14.680000 	 0.000001 
14.690000 	 0.000001 
14.700000 	 0.000001 
14.710000 	 0.000001 
14.720000 	 0.000001 
14.730000 	 0.000001 
14.740000 	 0.000001 
14.750000 	 0.000001 
14.760000 	 0.000001 
14.770000 	 0.000001 
14.780000 	 0.000001 
14.790000 	 0.000001 
14.800000 	 0.000001 
14.810000 	 0.000001 
14.820000 	 0.000001 
14.830000 	 0.000001 
14.840000 	 0.000001 
14.850000 	 0.000001 
14.860000 	 0.000001 
14.870000 	 0.000001 
14.880000 	 0.000001 
14.890000 	 0.000001 
14.900000 	 0.000001 
14.910000 	 0.000001 
14.920000 	 0.000001 
14.930000 	 0.000001 
14.940000 	 0.000000 
14.950000 	 0.000000 
14.960000 	 0.000000 
14.970000 	 0.000000 
14.980000 	 0.000000 
14.990000 	 0.000000 
15.000000 	 0.000000 
