-10.000000 	 0.999832 
-9.990000 	 0.999831 
-9.980000 	 0.999830 
-9.970000 	 0.999828 
-9.960000 	 0.999827 
-9.950000 	 0.999825 
-9.940000 	 0.999824 
-9.930000 	 0.999823 
-9.920000 	 0.999821 
-9.910000 	 0.999820 
-9.900000 	 0.999818 
-9.890000 	 0.999817 
-9.880000 	 0.999815 
-9.870000 	 0.999814 
-9.860000 	 0.999812 
-9.850000 	 0.999811 
-9.840000 	 0.999809 
-9.830000 	 0.999808 
-9.820000 	 0.999806 
-9.810000 	 0.999805 
-9.800000 	 0.999803 
-9.790000 	 0.999802 
-9.780000 	 0.999800 
-9.770000 	 0.999798 
-9.760000 	 0.999797 
-9.750000 	 0.999795 
-9.740000 	 0.999793 
-9.730000 	 0.999792 
-9.720000 	 0.999790 
-9.710000 	 0.999788 
-9.700000 	 0.999787 
-9.690000 	 0.999785 
-9.680000 	 0.999783 
-9.670000 	 0.999782 
-9.660000 	 0.999780 
-9.650000 	 0.999778 
-9.640000 	 0.999776 
-9.630000 	 0.999774 
-9.620000 	 0.999773 
-9.610000 	 0.999771 
-9.600000 	 0.999769 
-9.590000 	 0.999767 
-9.580000 	 0.999765 
-9.570000 	 0.999763 
-9.560000 	 0.999762 
-9.550000 	 0.999760 
-9.540000 	 0.999758 
-9.530000 	 0.999756 
-9.520000 	 0.999754 
-9.510000 	 0.999752 
-9.500000 	 0.999750 
-9.490000 	 0.999748 
-9.480000 	 0.999746 
-9.470000 	 0.999744 
-9.460000 	 0.999742 
-9.450000 	 0.999740 
-9.440000 	 0.999737 
-9.430000 	 0.999735 
-9.420000 	 0.999733 
-9.410000 	 0.999731 
-9.400000 	 0.999729 
-9.390000 	 0.999727 
-9.380000 	 0.999725 
-9.370000 	 0.999722 
-9.360000 	 0.999720 
-9.350000 	 0.999718 
-9.340000 	 0.999716 
-9.330000 	 0.999713 
-9.320000 	 0.999711 
-9.310000 	 0.999709 
-9.300000 	 0.999706 
-9.290000 	 0.999704 
-9.280000 	 0.999702 
-9.270000 	 0.999699 
-9.260000 	 0.999697 
-9.250000 	 0.999694 
-9.240000 	 0.999692 
-9.230000 	 0.999689 
-9.220000 	 0.999687 
-9.210000 	 0.999684 
-9.200000 	 0.999682 
-9.190000 	 0.999679 
-9.180000 	 0.999677 
-9.170000 	 0.999674 
-9.160000 	 0.999672 
-9.150000 	 0.999669 
-9.140000 	 0.999666 
-9.130000 	 0.999664 
-9.120000 	 0.999661 
-9.110000 	 0.999658 
-9.100000 	 0.999655 
-9.090000 	 0.999653 
-9.080000 	 0.999650 
-9.070000 	 0.999647 
-9.060000 	 0.999644 
-9.050000 	 0.999641 
-9.040000 	 0.999638 
-9.030000 	 0.999636 
-9.020000 	 0.999633 
-9.010000 	 0.999630 
-9.000000 	 0.999627 
-8.990000 	 0.999624 
-8.980000 	 0.999621 
-8.970000 	 0.999618 
-8.960000 	 0.999615 
-8.950000 	 0.999611 
-8.940000 	 0.999608 
-8.930000 	 0.999605 
-8.920000 	 0.999602 
-8.910000 	 0.999599 
-8.900000 	 0.999596 
-8.890000 	 0.999592 
-8.880000 	 0.999589 
-8.870000 	 0.999586 
-8.860000 	 0.999582 
-8.850000 	 0.999579 
-8.840000 	 0.999576 
-8.830000 	 0.999572 
-8.820000 	 0.999569 
-8.810000 	 0.999565 
-8.800000 	 0.999562 
-8.790000 	 0.999558 
-8.780000 	 0.999555 
-8.770000 	 0.999551 
-8.760000 	 0.999548 
-8.750000 	 0.999544 
-8.740000 	 0.999540 
-8.730000 	 0.999537 
-8.720000 	 0.999533 
-8.710000 	 0.999529 
-8.700000 	 0.999525 
-8.690000 	 0.999522 
-8.680000 	 0.999518 
-8.670000 	 0.999514 
-8.660000 	 0.999510 
-8.650000 	 0.999506 
-8.640000 	 0.999502 
-8.630000 	 0.999498 
-8.620000 	 0.999494 
-8.610000 	 0.999490 
-8.600000 	 0.999486 
-8.590000 	 0.999482 
-8.580000 	 0.999478 
-8.570000 	 0.999473 
-8.560000 	 0.999469 
-8.550000 	 0.999465 
-8.540000 	 0.999461 
-8.530000 	 0.999456 
-8.520000 	 0.999452 
-8.510000 	 0.999448 
-8.500000 	 0.999443 
-8.490000 	 0.999439 
-8.480000 	 0.999434 
-8.470000 	 0.999430 
-8.460000 	 0.999425 
-8.450000 	 0.999420 
-8.440000 	 0.999416 
-8.430000 	 0.999411 
-8.420000 	 0.999406 
-8.410000 	 0.999402 
-8.400000 	 0.999397 
-8.390000 	 0.999392 
-8.380000 	 0.999387 
-8.370000 	 0.999382 
-8.360000 	 0.999377 
-8.350000 	 0.999372 
-8.340000 	 0.999367 
-8.330000 	 0.999362 
-8.320000 	 0.999357 
-8.310000 	 0.999352 
-8.300000 	 0.999346 
-8.290000 	 0.999341 
-8.280000 	 0.999336 
-8.270000 	 0.999331 
-8.260000 	 0.999325 
-8.250000 	 0.999320 
-8.240000 	 0.999314 
-8.230000 	 0.999309 
-8.220000 	 0.999303 
-8.210000 	 0.999298 
-8.200000 	 0.999292 
-8.190000 	 0.999286 
-8.180000 	 0.999281 
-8.170000 	 0.999275 
-8.160000 	 0.999269 
-8.150000 	 0.999263 
-8.140000 	 0.999257 
-8.130000 	 0.999251 
-8.120000 	 0.999245 
-8.110000 	 0.999239 
-8.100000 	 0.999233 
-8.090000 	 0.999227 
-8.080000 	 0.999221 
-8.070000 	 0.999214 
-8.060000 	 0.999208 
-8.050000 	 0.999202 
-8.040000 	 0.999195 
-8.030000 	 0.999189 
-8.020000 	 0.999182 
-8.010000 	 0.999176 
-8.000000 	 0.999169 
-7.990000 	 0.999163 
-7.980000 	 0.999156 
-7.970000 	 0.999149 
-7.960000 	 0.999142 
-7.950000 	 0.999135 
-7.940000 	 0.999128 
-7.930000 	 0.999121 
-7.920000 	 0.999114 
-7.910000 	 0.999107 
-7.900000 	 0.999100 
-7.890000 	 0.999093 
-7.880000 	 0.999086 
-7.870000 	 0.999078 
-7.860000 	 0.999071 
-7.850000 	 0.999063 
-7.840000 	 0.999056 
-7.830000 	 0.999048 
-7.820000 	 0.999041 
-7.810000 	 0.999033 
-7.800000 	 0.999025 
-7.790000 	 0.999017 
-7.780000 	 0.999009 
-7.770000 	 0.999001 
-7.760000 	 0.998993 
-7.750000 	 0.998985 
-7.740000 	 0.998977 
-7.730000 	 0.998969 
-7.720000 	 0.998961 
-7.710000 	 0.998952 
-7.700000 	 0.998944 
-7.690000 	 0.998935 
-7.680000 	 0.998927 
-7.670000 	 0.998918 
-7.660000 	 0.998910 
-7.650000 	 0.998901 
-7.640000 	 0.998892 
-7.630000 	 0.998883 
-7.620000 	 0.998874 
-7.610000 	 0.998865 
-7.600000 	 0.998856 
-7.590000 	 0.998847 
-7.580000 	 0.998837 
-7.570000 	 0.998828 
-7.560000 	 0.998819 
-7.550000 	 0.998809 
-7.540000 	 0.998800 
-7.530000 	 0.998790 
-7.520000 	 0.998780 
-7.510000 	 0.998770 
-7.500000 	 0.998761 
-7.490000 	 0.998751 
-7.480000 	 0.998741 
-7.470000 	 0.998731 
-7.460000 	 0.998720 
-7.450000 	 0.998710 
-7.440000 	 0.998700 
-7.430000 	 0.998689 
-7.420000 	 0.998679 
-7.410000 	 0.998668 
-7.400000 	 0.998657 
-7.390000 	 0.998647 
-7.380000 	 0.998636 
-7.370000 	 0.998625 
-7.360000 	 0.998614 
-7.350000 	 0.998603 
-7.340000 	 0.998591 
-7.330000 	 0.998580 
-7.320000 	 0.998569 
-7.310000 	 0.998557 
-7.300000 	 0.998546 
-7.290000 	 0.998534 
-7.280000 	 0.998522 
-7.270000 	 0.998510 
-7.260000 	 0.998498 
-7.250000 	 0.998486 
-7.240000 	 0.998474 
-7.230000 	 0.998462 
-7.220000 	 0.998449 
-7.210000 	 0.998437 
-7.200000 	 0.998424 
-7.190000 	 0.998412 
-7.180000 	 0.998399 
-7.170000 	 0.998386 
-7.160000 	 0.998373 
-7.150000 	 0.998360 
-7.140000 	 0.998347 
-7.130000 	 0.998334 
-7.120000 	 0.998320 
-7.110000 	 0.998307 
-7.100000 	 0.998293 
-7.090000 	 0.998280 
-7.080000 	 0.998266 
-7.070000 	 0.998252 
-7.060000 	 0.998238 
-7.050000 	 0.998224 
-7.040000 	 0.998209 
-7.030000 	 0.998195 
-7.020000 	 0.998180 
-7.010000 	 0.998166 
-7.000000 	 0.998151 
-6.990000 	 0.998136 
-6.980000 	 0.998121 
-6.970000 	 0.998106 
-6.960000 	 0.998091 
-6.950000 	 0.998076 
-6.940000 	 0.998060 
-6.930000 	 0.998045 
-6.920000 	 0.998029 
-6.910000 	 0.998013 
-6.900000 	 0.997997 
-6.890000 	 0.997981 
-6.880000 	 0.997965 
-6.870000 	 0.997948 
-6.860000 	 0.997932 
-6.850000 	 0.997915 
-6.840000 	 0.997899 
-6.830000 	 0.997882 
-6.820000 	 0.997865 
-6.810000 	 0.997848 
-6.800000 	 0.997830 
-6.790000 	 0.997813 
-6.780000 	 0.997795 
-6.770000 	 0.997778 
-6.760000 	 0.997760 
-6.750000 	 0.997742 
-6.740000 	 0.997724 
-6.730000 	 0.997705 
-6.720000 	 0.997687 
-6.710000 	 0.997668 
-6.700000 	 0.997650 
-6.690000 	 0.997631 
-6.680000 	 0.997612 
-6.670000 	 0.997592 
-6.660000 	 0.997573 
-6.650000 	 0.997554 
-6.640000 	 0.997534 
-6.630000 	 0.997514 
-6.620000 	 0.997494 
-6.610000 	 0.997474 
-6.600000 	 0.997454 
-6.590000 	 0.997433 
-6.580000 	 0.997413 
-6.570000 	 0.997392 
-6.560000 	 0.997371 
-6.550000 	 0.997350 
-6.540000 	 0.997329 
-6.530000 	 0.997307 
-6.520000 	 0.997285 
-6.510000 	 0.997264 
-6.500000 	 0.997242 
-6.490000 	 0.997220 
-6.480000 	 0.997197 
-6.470000 	 0.997175 
-6.460000 	 0.997152 
-6.450000 	 0.997129 
-6.440000 	 0.997106 
-6.430000 	 0.997083 
-6.420000 	 0.997059 
-6.410000 	 0.997036 
-6.400000 	 0.997012 
-6.390000 	 0.996988 
-6.380000 	 0.996964 
-6.370000 	 0.996939 
-6.360000 	 0.996915 
-6.350000 	 0.996890 
-6.340000 	 0.996865 
-6.330000 	 0.996840 
-6.320000 	 0.996815 
-6.310000 	 0.996789 
-6.300000 	 0.996763 
-6.290000 	 0.996737 
-6.280000 	 0.996711 
-6.270000 	 0.996685 
-6.260000 	 0.996658 
-6.250000 	 0.996631 
-6.240000 	 0.996604 
-6.230000 	 0.996577 
-6.220000 	 0.996549 
-6.210000 	 0.996521 
-6.200000 	 0.996494 
-6.190000 	 0.996465 
-6.180000 	 0.996437 
-6.170000 	 0.996408 
-6.160000 	 0.996380 
-6.150000 	 0.996350 
-6.140000 	 0.996321 
-6.130000 	 0.996292 
-6.120000 	 0.996262 
-6.110000 	 0.996232 
-6.100000 	 0.996201 
-6.090000 	 0.996171 
-6.080000 	 0.996140 
-6.070000 	 0.996109 
-6.060000 	 0.996078 
-6.050000 	 0.996046 
-6.040000 	 0.996015 
-6.030000 	 0.995983 
-6.020000 	 0.995950 
-6.010000 	 0.995918 
-6.000000 	 0.995885 
-5.990000 	 0.995852 
-5.980000 	 0.995819 
-5.970000 	 0.995785 
-5.960000 	 0.995751 
-5.950000 	 0.995717 
-5.940000 	 0.995683 
-5.930000 	 0.995648 
-5.920000 	 0.995613 
-5.910000 	 0.995578 
-5.900000 	 0.995542 
-5.890000 	 0.995507 
-5.880000 	 0.995471 
-5.870000 	 0.995434 
-5.860000 	 0.995397 
-5.850000 	 0.995360 
-5.840000 	 0.995323 
-5.830000 	 0.995286 
-5.820000 	 0.995248 
-5.810000 	 0.995210 
-5.800000 	 0.995171 
-5.790000 	 0.995132 
-5.780000 	 0.995093 
-5.770000 	 0.995054 
-5.760000 	 0.995014 
-5.750000 	 0.994974 
-5.740000 	 0.994934 
-5.730000 	 0.994893 
-5.720000 	 0.994852 
-5.710000 	 0.994811 
-5.700000 	 0.994769 
-5.690000 	 0.994727 
-5.680000 	 0.994685 
-5.670000 	 0.994642 
-5.660000 	 0.994599 
-5.650000 	 0.994555 
-5.640000 	 0.994512 
-5.630000 	 0.994468 
-5.620000 	 0.994423 
-5.610000 	 0.994378 
-5.600000 	 0.994333 
-5.590000 	 0.994288 
-5.580000 	 0.994242 
-5.570000 	 0.994196 
-5.560000 	 0.994149 
-5.550000 	 0.994102 
-5.540000 	 0.994055 
-5.530000 	 0.994007 
-5.520000 	 0.993959 
-5.510000 	 0.993910 
-5.500000 	 0.993861 
-5.490000 	 0.993812 
-5.480000 	 0.993762 
-5.470000 	 0.993712 
-5.460000 	 0.993662 
-5.450000 	 0.993611 
-5.440000 	 0.993559 
-5.430000 	 0.993508 
-5.420000 	 0.993456 
-5.410000 	 0.993403 
-5.400000 	 0.993350 
-5.390000 	 0.993297 
-5.380000 	 0.993243 
-5.370000 	 0.993189 
-5.360000 	 0.993134 
-5.350000 	 0.993079 
-5.340000 	 0.993023 
-5.330000 	 0.992967 
-5.320000 	 0.992911 
-5.310000 	 0.992854 
-5.300000 	 0.992796 
-5.290000 	 0.992738 
-5.280000 	 0.992680 
-5.270000 	 0.992621 
-5.260000 	 0.992562 
-5.250000 	 0.992502 
-5.240000 	 0.992442 
-5.230000 	 0.992381 
-5.220000 	 0.992320 
-5.210000 	 0.992258 
-5.200000 	 0.992196 
-5.190000 	 0.992134 
-5.180000 	 0.992070 
-5.170000 	 0.992007 
-5.160000 	 0.991942 
-5.150000 	 0.991878 
-5.140000 	 0.991813 
-5.130000 	 0.991747 
-5.120000 	 0.991680 
-5.110000 	 0.991614 
-5.100000 	 0.991546 
-5.090000 	 0.991478 
-5.080000 	 0.991410 
-5.070000 	 0.991341 
-5.060000 	 0.991271 
-5.050000 	 0.991201 
-5.040000 	 0.991131 
-5.030000 	 0.991059 
-5.020000 	 0.990988 
-5.010000 	 0.990915 
-5.000000 	 0.990842 
-4.990000 	 0.990769 
-4.980000 	 0.990694 
-4.970000 	 0.990620 
-4.960000 	 0.990544 
-4.950000 	 0.990468 
-4.940000 	 0.990392 
-4.930000 	 0.990315 
-4.920000 	 0.990237 
-4.910000 	 0.990159 
-4.900000 	 0.990079 
-4.890000 	 0.990000 
-4.880000 	 0.989919 
-4.870000 	 0.989838 
-4.860000 	 0.989757 
-4.850000 	 0.989675 
-4.840000 	 0.989592 
-4.830000 	 0.989508 
-4.820000 	 0.989424 
-4.810000 	 0.989339 
-4.800000 	 0.989253 
-4.790000 	 0.989167 
-4.780000 	 0.989080 
-4.770000 	 0.988992 
-4.760000 	 0.988904 
-4.750000 	 0.988815 
-4.740000 	 0.988725 
-4.730000 	 0.988634 
-4.720000 	 0.988543 
-4.710000 	 0.988451 
-4.700000 	 0.988358 
-4.690000 	 0.988265 
-4.680000 	 0.988170 
-4.670000 	 0.988075 
-4.660000 	 0.987980 
-4.650000 	 0.987883 
-4.640000 	 0.987786 
-4.630000 	 0.987688 
-4.620000 	 0.987589 
-4.610000 	 0.987489 
-4.600000 	 0.987389 
-4.590000 	 0.987287 
-4.580000 	 0.987185 
-4.570000 	 0.987082 
-4.560000 	 0.986978 
-4.550000 	 0.986874 
-4.540000 	 0.986768 
-4.530000 	 0.986662 
-4.520000 	 0.986555 
-4.510000 	 0.986447 
-4.500000 	 0.986338 
-4.490000 	 0.986228 
-4.480000 	 0.986118 
-4.470000 	 0.986006 
-4.460000 	 0.985894 
-4.450000 	 0.985781 
-4.440000 	 0.985666 
-4.430000 	 0.985551 
-4.420000 	 0.985435 
-4.410000 	 0.985318 
-4.400000 	 0.985200 
-4.390000 	 0.985081 
-4.380000 	 0.984962 
-4.370000 	 0.984841 
-4.360000 	 0.984719 
-4.350000 	 0.984596 
-4.340000 	 0.984473 
-4.330000 	 0.984348 
-4.320000 	 0.984222 
-4.310000 	 0.984095 
-4.300000 	 0.983968 
-4.290000 	 0.983839 
-4.280000 	 0.983709 
-4.270000 	 0.983578 
-4.260000 	 0.983446 
-4.250000 	 0.983313 
-4.240000 	 0.983179 
-4.230000 	 0.983044 
-4.220000 	 0.982908 
-4.210000 	 0.982771 
-4.200000 	 0.982632 
-4.190000 	 0.982493 
-4.180000 	 0.982352 
-4.170000 	 0.982211 
-4.160000 	 0.982068 
-4.150000 	 0.981924 
-4.140000 	 0.981778 
-4.130000 	 0.981632 
-4.120000 	 0.981485 
-4.110000 	 0.981336 
-4.100000 	 0.981186 
-4.090000 	 0.981035 
-4.080000 	 0.980882 
-4.070000 	 0.980729 
-4.060000 	 0.980574 
-4.050000 	 0.980418 
-4.040000 	 0.980261 
-4.030000 	 0.980102 
-4.020000 	 0.979942 
-4.010000 	 0.979781 
-4.000000 	 0.979619 
-3.990000 	 0.979455 
-3.980000 	 0.979290 
-3.970000 	 0.979124 
-3.960000 	 0.978956 
-3.950000 	 0.978787 
-3.940000 	 0.978617 
-3.930000 	 0.978445 
-3.920000 	 0.978272 
-3.910000 	 0.978097 
-3.900000 	 0.977921 
-3.890000 	 0.977744 
-3.880000 	 0.977565 
-3.870000 	 0.977385 
-3.860000 	 0.977203 
-3.850000 	 0.977020 
-3.840000 	 0.976836 
-3.830000 	 0.976650 
-3.820000 	 0.976462 
-3.810000 	 0.976273 
-3.800000 	 0.976083 
-3.790000 	 0.975890 
-3.780000 	 0.975697 
-3.770000 	 0.975502 
-3.760000 	 0.975305 
-3.750000 	 0.975106 
-3.740000 	 0.974907 
-3.730000 	 0.974705 
-3.720000 	 0.974502 
-3.710000 	 0.974297 
-3.700000 	 0.974091 
-3.690000 	 0.973882 
-3.680000 	 0.973673 
-3.670000 	 0.973461 
-3.660000 	 0.973248 
-3.650000 	 0.973033 
-3.640000 	 0.972817 
-3.630000 	 0.972598 
-3.620000 	 0.972378 
-3.610000 	 0.972156 
-3.600000 	 0.971933 
-3.590000 	 0.971707 
-3.580000 	 0.971480 
-3.570000 	 0.971251 
-3.560000 	 0.971020 
-3.550000 	 0.970787 
-3.540000 	 0.970553 
-3.530000 	 0.970316 
-3.520000 	 0.970078 
-3.510000 	 0.969837 
-3.500000 	 0.969595 
-3.490000 	 0.969351 
-3.480000 	 0.969105 
-3.470000 	 0.968856 
-3.460000 	 0.968606 
-3.450000 	 0.968354 
-3.440000 	 0.968100 
-3.430000 	 0.967844 
-3.420000 	 0.967585 
-3.410000 	 0.967325 
-3.400000 	 0.967063 
-3.390000 	 0.966798 
-3.380000 	 0.966531 
-3.370000 	 0.966263 
-3.360000 	 0.965992 
-3.350000 	 0.965718 
-3.340000 	 0.965443 
-3.330000 	 0.965166 
-3.320000 	 0.964886 
-3.310000 	 0.964604 
-3.300000 	 0.964319 
-3.290000 	 0.964033 
-3.280000 	 0.963744 
-3.270000 	 0.963453 
-3.260000 	 0.963159 
-3.250000 	 0.962863 
-3.240000 	 0.962565 
-3.230000 	 0.962264 
-3.220000 	 0.961961 
-3.210000 	 0.961656 
-3.200000 	 0.961348 
-3.190000 	 0.961037 
-3.180000 	 0.960724 
-3.170000 	 0.960409 
-3.160000 	 0.960091 
-3.150000 	 0.959770 
-3.140000 	 0.959447 
-3.130000 	 0.959121 
-3.120000 	 0.958793 
-3.110000 	 0.958462 
-3.100000 	 0.958128 
-3.090000 	 0.957792 
-3.080000 	 0.957453 
-3.070000 	 0.957111 
-3.060000 	 0.956767 
-3.050000 	 0.956420 
-3.040000 	 0.956070 
-3.030000 	 0.955717 
-3.020000 	 0.955361 
-3.010000 	 0.955002 
-3.000000 	 0.954641 
-2.990000 	 0.954277 
-2.980000 	 0.953909 
-2.970000 	 0.953539 
-2.960000 	 0.953166 
-2.950000 	 0.952790 
-2.940000 	 0.952411 
-2.930000 	 0.952028 
-2.920000 	 0.951643 
-2.910000 	 0.951255 
-2.900000 	 0.950863 
-2.890000 	 0.950469 
-2.880000 	 0.950071 
-2.870000 	 0.949670 
-2.860000 	 0.949265 
-2.850000 	 0.948858 
-2.840000 	 0.948447 
-2.830000 	 0.948033 
-2.820000 	 0.947616 
-2.810000 	 0.947195 
-2.800000 	 0.946771 
-2.790000 	 0.946343 
-2.780000 	 0.945912 
-2.770000 	 0.945478 
-2.760000 	 0.945040 
-2.750000 	 0.944598 
-2.740000 	 0.944153 
-2.730000 	 0.943705 
-2.720000 	 0.943253 
-2.710000 	 0.942797 
-2.700000 	 0.942337 
-2.690000 	 0.941874 
-2.680000 	 0.941407 
-2.670000 	 0.940937 
-2.660000 	 0.940462 
-2.650000 	 0.939984 
-2.640000 	 0.939502 
-2.630000 	 0.939016 
-2.620000 	 0.938526 
-2.610000 	 0.938033 
-2.600000 	 0.937535 
-2.590000 	 0.937033 
-2.580000 	 0.936527 
-2.570000 	 0.936018 
-2.560000 	 0.935504 
-2.550000 	 0.934986 
-2.540000 	 0.934463 
-2.530000 	 0.933937 
-2.520000 	 0.933406 
-2.510000 	 0.932872 
-2.500000 	 0.932332 
-2.490000 	 0.931789 
-2.480000 	 0.931241 
-2.470000 	 0.930689 
-2.460000 	 0.930132 
-2.450000 	 0.929571 
-2.440000 	 0.929005 
-2.430000 	 0.928435 
-2.420000 	 0.927860 
-2.410000 	 0.927281 
-2.400000 	 0.926697 
-2.390000 	 0.926108 
-2.380000 	 0.925514 
-2.370000 	 0.924916 
-2.360000 	 0.924313 
-2.350000 	 0.923705 
-2.340000 	 0.923092 
-2.330000 	 0.922474 
-2.320000 	 0.921852 
-2.310000 	 0.921224 
-2.300000 	 0.920591 
-2.290000 	 0.919953 
-2.280000 	 0.919311 
-2.270000 	 0.918662 
-2.260000 	 0.918009 
-2.250000 	 0.917351 
-2.240000 	 0.916687 
-2.230000 	 0.916018 
-2.220000 	 0.915343 
-2.210000 	 0.914663 
-2.200000 	 0.913978 
-2.190000 	 0.913287 
-2.180000 	 0.912590 
-2.170000 	 0.911888 
-2.160000 	 0.911180 
-2.150000 	 0.910467 
-2.140000 	 0.909748 
-2.130000 	 0.909023 
-2.120000 	 0.908292 
-2.110000 	 0.907556 
-2.100000 	 0.906813 
-2.090000 	 0.906065 
-2.080000 	 0.905310 
-2.070000 	 0.904549 
-2.060000 	 0.903783 
-2.050000 	 0.903010 
-2.040000 	 0.902231 
-2.030000 	 0.901446 
-2.020000 	 0.900654 
-2.010000 	 0.899856 
-2.000000 	 0.899052 
-1.990000 	 0.898241 
-1.980000 	 0.897424 
-1.970000 	 0.896600 
-1.960000 	 0.895769 
-1.950000 	 0.894932 
-1.940000 	 0.894088 
-1.930000 	 0.893237 
-1.920000 	 0.892380 
-1.910000 	 0.891515 
-1.900000 	 0.890644 
-1.890000 	 0.889766 
-1.880000 	 0.888880 
-1.870000 	 0.887988 
-1.860000 	 0.887088 
-1.850000 	 0.886181 
-1.840000 	 0.885267 
-1.830000 	 0.884345 
-1.820000 	 0.883416 
-1.810000 	 0.882480 
-1.800000 	 0.881536 
-1.790000 	 0.880585 
-1.780000 	 0.879625 
-1.770000 	 0.878659 
-1.760000 	 0.877684 
-1.750000 	 0.876702 
-1.740000 	 0.875711 
-1.730000 	 0.874713 
-1.720000 	 0.873707 
-1.710000 	 0.872692 
-1.700000 	 0.871670 
-1.690000 	 0.870639 
-1.680000 	 0.869600 
-1.670000 	 0.868552 
-1.660000 	 0.867497 
-1.650000 	 0.866432 
-1.640000 	 0.865360 
-1.630000 	 0.864278 
-1.620000 	 0.863188 
-1.610000 	 0.862089 
-1.600000 	 0.860981 
-1.590000 	 0.859865 
-1.580000 	 0.858739 
-1.570000 	 0.857605 
-1.560000 	 0.856461 
-1.550000 	 0.855308 
-1.540000 	 0.854146 
-1.530000 	 0.852974 
-1.520000 	 0.851793 
-1.510000 	 0.850603 
-1.500000 	 0.849403 
-1.490000 	 0.848193 
-1.480000 	 0.846974 
-1.470000 	 0.845745 
-1.460000 	 0.844506 
-1.450000 	 0.843257 
-1.440000 	 0.841998 
-1.430000 	 0.840729 
-1.420000 	 0.839450 
-1.410000 	 0.838160 
-1.400000 	 0.836860 
-1.390000 	 0.835550 
-1.380000 	 0.834229 
-1.370000 	 0.832897 
-1.360000 	 0.831555 
-1.350000 	 0.830202 
-1.340000 	 0.828838 
-1.330000 	 0.827464 
-1.320000 	 0.826078 
-1.310000 	 0.824681 
-1.300000 	 0.823273 
-1.290000 	 0.821853 
-1.280000 	 0.820422 
-1.270000 	 0.818980 
-1.260000 	 0.817526 
-1.250000 	 0.816060 
-1.240000 	 0.814583 
-1.230000 	 0.813094 
-1.220000 	 0.811592 
-1.210000 	 0.810079 
-1.200000 	 0.808554 
-1.190000 	 0.807016 
-1.180000 	 0.805466 
-1.170000 	 0.803903 
-1.160000 	 0.802328 
-1.150000 	 0.800740 
-1.140000 	 0.799140 
-1.130000 	 0.797527 
-1.120000 	 0.795900 
-1.110000 	 0.794261 
-1.100000 	 0.792609 
-1.090000 	 0.790943 
-1.080000 	 0.789264 
-1.070000 	 0.787571 
-1.060000 	 0.785865 
-1.050000 	 0.784145 
-1.040000 	 0.782411 
-1.030000 	 0.780663 
-1.020000 	 0.778902 
-1.010000 	 0.777126 
-1.000000 	 0.775336 
-0.990000 	 0.773531 
-0.980000 	 0.771712 
-0.970000 	 0.769878 
-0.960000 	 0.768030 
-0.950000 	 0.766167 
-0.940000 	 0.764289 
-0.930000 	 0.762395 
-0.920000 	 0.760487 
-0.910000 	 0.758563 
-0.900000 	 0.756624 
-0.890000 	 0.754669 
-0.880000 	 0.752699 
-0.870000 	 0.750712 
-0.860000 	 0.748710 
-0.850000 	 0.746692 
-0.840000 	 0.744657 
-0.830000 	 0.742606 
-0.820000 	 0.740539 
-0.810000 	 0.738455 
-0.800000 	 0.736354 
-0.790000 	 0.734236 
-0.780000 	 0.732102 
-0.770000 	 0.729950 
-0.760000 	 0.727781 
-0.750000 	 0.725594 
-0.740000 	 0.723390 
-0.730000 	 0.721168 
-0.720000 	 0.718929 
-0.710000 	 0.716671 
-0.700000 	 0.714395 
-0.690000 	 0.712101 
-0.680000 	 0.709789 
-0.670000 	 0.707458 
-0.660000 	 0.705108 
-0.650000 	 0.702740 
-0.640000 	 0.700352 
-0.630000 	 0.697945 
-0.620000 	 0.695519 
-0.610000 	 0.693074 
-0.600000 	 0.690608 
-0.590000 	 0.688123 
-0.580000 	 0.685618 
-0.570000 	 0.683093 
-0.560000 	 0.680548 
-0.550000 	 0.677982 
-0.540000 	 0.675395 
-0.530000 	 0.672788 
-0.520000 	 0.670160 
-0.510000 	 0.667511 
-0.500000 	 0.664840 
-0.490000 	 0.662148 
-0.480000 	 0.659434 
-0.470000 	 0.656699 
-0.460000 	 0.653941 
-0.450000 	 0.651162 
-0.440000 	 0.648360 
-0.430000 	 0.645536 
-0.420000 	 0.642688 
-0.410000 	 0.639818 
-0.400000 	 0.636925 
-0.390000 	 0.634009 
-0.380000 	 0.631070 
-0.370000 	 0.628106 
-0.360000 	 0.625119 
-0.350000 	 0.622108 
-0.340000 	 0.619073 
-0.330000 	 0.616013 
-0.320000 	 0.612929 
-0.310000 	 0.609820 
-0.300000 	 0.606686 
-0.290000 	 0.603527 
-0.280000 	 0.600342 
-0.270000 	 0.597132 
-0.260000 	 0.593896 
-0.250000 	 0.590635 
-0.240000 	 0.587347 
-0.230000 	 0.584032 
-0.220000 	 0.580691 
-0.210000 	 0.577323 
-0.200000 	 0.573928 
-0.190000 	 0.570506 
-0.180000 	 0.567056 
-0.170000 	 0.563579 
-0.160000 	 0.560073 
-0.150000 	 0.556540 
-0.140000 	 0.552978 
-0.130000 	 0.549387 
-0.120000 	 0.545768 
-0.110000 	 0.542120 
-0.100000 	 0.538442 
-0.090000 	 0.534735 
-0.080000 	 0.530998 
-0.070000 	 0.527230 
-0.060000 	 0.523433 
-0.050000 	 0.519605 
-0.040000 	 0.515747 
-0.030000 	 0.511857 
-0.020000 	 0.507936 
-0.010000 	 0.503984 
0.000000 	 0.500000 
0.010000 	 0.496016 
0.020000 	 0.492064 
0.030000 	 0.488143 
0.040000 	 0.484253 
0.050000 	 0.480395 
0.060000 	 0.476567 
0.070000 	 0.472770 
0.080000 	 0.469002 
0.090000 	 0.465265 
0.100000 	 0.461558 
0.110000 	 0.457880 
0.120000 	 0.454232 
0.130000 	 0.450613 
0.140000 	 0.447022 
0.150000 	 0.443460 
0.160000 	 0.439927 
0.170000 	 0.436421 
0.180000 	 0.432944 
0.190000 	 0.429494 
0.200000 	 0.426072 
0.210000 	 0.422677 
0.220000 	 0.419309 
0.230000 	 0.415968 
0.240000 	 0.412653 
0.250000 	 0.409365 
0.260000 	 0.406104 
0.270000 	 0.402868 
0.280000 	 0.399658 
0.290000 	 0.396473 
0.300000 	 0.393314 
0.310000 	 0.390180 
0.320000 	 0.387071 
0.330000 	 0.383987 
0.340000 	 0.380927 
0.350000 	 0.377892 
0.360000 	 0.374881 
0.370000 	 0.371894 
0.380000 	 0.368930 
0.390000 	 0.365991 
0.400000 	 0.363075 
0.410000 	 0.360182 
0.420000 	 0.357312 
0.430000 	 0.354464 
0.440000 	 0.351640 
0.450000 	 0.348838 
0.460000 	 0.346059 
0.470000 	 0.343301 
0.480000 	 0.340566 
0.490000 	 0.337852 
0.500000 	 0.335160 
0.510000 	 0.332489 
0.520000 	 0.329840 
0.530000 	 0.327212 
0.540000 	 0.324605 
0.550000 	 0.322018 
0.560000 	 0.319452 
0.570000 	 0.316907 
0.580000 	 0.314382 
0.590000 	 0.311877 
0.600000 	 0.309392 
0.610000 	 0.306926 
0.620000 	 0.304481 
0.630000 	 0.302055 
0.640000 	 0.299648 
0.650000 	 0.297260 
0.660000 	 0.294892 
0.670000 	 0.292542 
0.680000 	 0.290211 
0.690000 	 0.287899 
0.700000 	 0.285605 
0.710000 	 0.283329 
0.720000 	 0.281071 
0.730000 	 0.278832 
0.740000 	 0.276610 
0.750000 	 0.274406 
0.760000 	 0.272219 
0.770000 	 0.270050 
0.780000 	 0.267898 
0.790000 	 0.265764 
0.800000 	 0.263646 
0.810000 	 0.261545 
0.820000 	 0.259461 
0.830000 	 0.257394 
0.840000 	 0.255343 
0.850000 	 0.253308 
0.860000 	 0.251290 
0.870000 	 0.249288 
0.880000 	 0.247301 
0.890000 	 0.245331 
0.900000 	 0.243376 
0.910000 	 0.241437 
0.920000 	 0.239513 
0.930000 	 0.237605 
0.940000 	 0.235711 
0.950000 	 0.233833 
0.960000 	 0.231970 
0.970000 	 0.230122 
0.980000 	 0.228288 
0.990000 	 0.226469 
1.000000 	 0.224664 
1.010000 	 0.222874 
1.020000 	 0.221098 
1.030000 	 0.219337 
1.040000 	 0.217589 
1.050000 	 0.215855 
1.060000 	 0.214135 
1.070000 	 0.212429 
1.080000 	 0.210736 
1.090000 	 0.209057 
1.100000 	 0.207391 
1.110000 	 0.205739 
1.120000 	 0.204100 
1.130000 	 0.202473 
1.140000 	 0.200860 
1.150000 	 0.199260 
1.160000 	 0.197672 
1.170000 	 0.196097 
1.180000 	 0.194534 
1.190000 	 0.192984 
1.200000 	 0.191446 
1.210000 	 0.189921 
1.220000 	 0.188408 
1.230000 	 0.186906 
1.240000 	 0.185417 
1.250000 	 0.183940 
1.260000 	 0.182474 
1.270000 	 0.181020 
1.280000 	 0.179578 
1.290000 	 0.178147 
1.300000 	 0.176727 
1.310000 	 0.175319 
1.320000 	 0.173922 
1.330000 	 0.172536 
1.340000 	 0.171162 
1.350000 	 0.169798 
1.360000 	 0.168445 
1.370000 	 0.167103 
1.380000 	 0.165771 
1.390000 	 0.164450 
1.400000 	 0.163140 
1.410000 	 0.161840 
1.420000 	 0.160550 
1.430000 	 0.159271 
1.440000 	 0.158002 
1.450000 	 0.156743 
1.460000 	 0.155494 
1.470000 	 0.154255 
1.480000 	 0.153026 
1.490000 	 0.151807 
1.500000 	 0.150597 
1.510000 	 0.149397 
1.520000 	 0.148207 
1.530000 	 0.147026 
1.540000 	 0.145854 
1.550000 	 0.144692 
1.560000 	 0.143539 
1.570000 	 0.142395 
1.580000 	 0.141261 
1.590000 	 0.140135 
1.600000 	 0.139019 
1.610000 	 0.137911 
1.620000 	 0.136812 
1.630000 	 0.135722 
1.640000 	 0.134640 
1.650000 	 0.133568 
1.660000 	 0.132503 
1.670000 	 0.131448 
1.680000 	 0.130400 
1.690000 	 0.129361 
1.700000 	 0.128330 
1.710000 	 0.127308 
1.720000 	 0.126293 
1.730000 	 0.125287 
1.740000 	 0.124289 
1.750000 	 0.123298 
1.760000 	 0.122316 
1.770000 	 0.121341 
1.780000 	 0.120375 
1.790000 	 0.119415 
1.800000 	 0.118464 
1.810000 	 0.117520 
1.820000 	 0.116584 
1.830000 	 0.115655 
1.840000 	 0.114733 
1.850000 	 0.113819 
1.860000 	 0.112912 
1.870000 	 0.112012 
1.880000 	 0.111120 
1.890000 	 0.110234 
1.900000 	 0.109356 
1.910000 	 0.108485 
1.920000 	 0.107620 
1.930000 	 0.106763 
1.940000 	 0.105912 
1.950000 	 0.105068 
1.960000 	 0.104231 
1.970000 	 0.103400 
1.980000 	 0.102576 
1.990000 	 0.101759 
2.000000 	 0.100948 
2.010000 	 0.100144 
2.020000 	 0.099346 
2.030000 	 0.098554 
2.040000 	 0.097769 
2.050000 	 0.096990 
2.060000 	 0.096217 
2.070000 	 0.095451 
2.080000 	 0.094690 
2.090000 	 0.093935 
2.100000 	 0.093187 
2.110000 	 0.092444 
2.120000 	 0.091708 
2.130000 	 0.090977 
2.140000 	 0.090252 
2.150000 	 0.089533 
2.160000 	 0.088820 
2.170000 	 0.088112 
2.180000 	 0.087410 
2.190000 	 0.086713 
2.200000 	 0.086022 
2.210000 	 0.085337 
2.220000 	 0.084657 
2.230000 	 0.083982 
2.240000 	 0.083313 
2.250000 	 0.082649 
2.260000 	 0.081991 
2.270000 	 0.081338 
2.280000 	 0.080689 
2.290000 	 0.080047 
2.300000 	 0.079409 
2.310000 	 0.078776 
2.320000 	 0.078148 
2.330000 	 0.077526 
2.340000 	 0.076908 
2.350000 	 0.076295 
2.360000 	 0.075687 
2.370000 	 0.075084 
2.380000 	 0.074486 
2.390000 	 0.073892 
2.400000 	 0.073303 
2.410000 	 0.072719 
2.420000 	 0.072140 
2.430000 	 0.071565 
2.440000 	 0.070995 
2.450000 	 0.070429 
2.460000 	 0.069868 
2.470000 	 0.069311 
2.480000 	 0.068759 
2.490000 	 0.068211 
2.500000 	 0.067668 
2.510000 	 0.067128 
2.520000 	 0.066594 
2.530000 	 0.066063 
2.540000 	 0.065537 
2.550000 	 0.065014 
2.560000 	 0.064496 
2.570000 	 0.063982 
2.580000 	 0.063473 
2.590000 	 0.062967 
2.600000 	 0.062465 
2.610000 	 0.061967 
2.620000 	 0.061474 
2.630000 	 0.060984 
2.640000 	 0.060498 
2.650000 	 0.060016 
2.660000 	 0.059538 
2.670000 	 0.059063 
2.680000 	 0.058593 
2.690000 	 0.058126 
2.700000 	 0.057663 
2.710000 	 0.057203 
2.720000 	 0.056747 
2.730000 	 0.056295 
2.740000 	 0.055847 
2.750000 	 0.055402 
2.760000 	 0.054960 
2.770000 	 0.054522 
2.780000 	 0.054088 
2.790000 	 0.053657 
2.800000 	 0.053229 
2.810000 	 0.052805 
2.820000 	 0.052384 
2.830000 	 0.051967 
2.840000 	 0.051553 
2.850000 	 0.051142 
2.860000 	 0.050735 
2.870000 	 0.050330 
2.880000 	 0.049929 
2.890000 	 0.049531 
2.900000 	 0.049137 
2.910000 	 0.048745 
2.920000 	 0.048357 
2.930000 	 0.047972 
2.940000 	 0.047589 
2.950000 	 0.047210 
2.960000 	 0.046834 
2.970000 	 0.046461 
2.980000 	 0.046091 
2.990000 	 0.045723 
3.000000 	 0.045359 
3.010000 	 0.044998 
3.020000 	 0.044639 
3.030000 	 0.044283 
3.040000 	 0.043930 
3.050000 	 0.043580 
3.060000 	 0.043233 
3.070000 	 0.042889 
3.080000 	 0.042547 
3.090000 	 0.042208 
3.100000 	 0.041872 
3.110000 	 0.041538 
3.120000 	 0.041207 
3.130000 	 0.040879 
3.140000 	 0.040553 
3.150000 	 0.040230 
3.160000 	 0.039909 
3.170000 	 0.039591 
3.180000 	 0.039276 
3.190000 	 0.038963 
3.200000 	 0.038652 
3.210000 	 0.038344 
3.220000 	 0.038039 
3.230000 	 0.037736 
3.240000 	 0.037435 
3.250000 	 0.037137 
3.260000 	 0.036841 
3.270000 	 0.036547 
3.280000 	 0.036256 
3.290000 	 0.035967 
3.300000 	 0.035681 
3.310000 	 0.035396 
3.320000 	 0.035114 
3.330000 	 0.034834 
3.340000 	 0.034557 
3.350000 	 0.034282 
3.360000 	 0.034008 
3.370000 	 0.033737 
3.380000 	 0.033469 
3.390000 	 0.033202 
3.400000 	 0.032937 
3.410000 	 0.032675 
3.420000 	 0.032415 
3.430000 	 0.032156 
3.440000 	 0.031900 
3.450000 	 0.031646 
3.460000 	 0.031394 
3.470000 	 0.031144 
3.480000 	 0.030895 
3.490000 	 0.030649 
3.500000 	 0.030405 
3.510000 	 0.030163 
3.520000 	 0.029922 
3.530000 	 0.029684 
3.540000 	 0.029447 
3.550000 	 0.029213 
3.560000 	 0.028980 
3.570000 	 0.028749 
3.580000 	 0.028520 
3.590000 	 0.028293 
3.600000 	 0.028067 
3.610000 	 0.027844 
3.620000 	 0.027622 
3.630000 	 0.027402 
3.640000 	 0.027183 
3.650000 	 0.026967 
3.660000 	 0.026752 
3.670000 	 0.026539 
3.680000 	 0.026327 
3.690000 	 0.026118 
3.700000 	 0.025909 
3.710000 	 0.025703 
3.720000 	 0.025498 
3.730000 	 0.025295 
3.740000 	 0.025093 
3.750000 	 0.024894 
3.760000 	 0.024695 
3.770000 	 0.024498 
3.780000 	 0.024303 
3.790000 	 0.024110 
3.800000 	 0.023917 
3.810000 	 0.023727 
3.820000 	 0.023538 
3.830000 	 0.023350 
3.840000 	 0.023164 
3.850000 	 0.022980 
3.860000 	 0.022797 
3.870000 	 0.022615 
3.880000 	 0.022435 
3.890000 	 0.022256 
3.900000 	 0.022079 
3.910000 	 0.021903 
3.920000 	 0.021728 
3.930000 	 0.021555 
3.940000 	 0.021383 
3.950000 	 0.021213 
3.960000 	 0.021044 
3.970000 	 0.020876 
3.980000 	 0.020710 
3.990000 	 0.020545 
4.000000 	 0.020381 
4.010000 	 0.020219 
4.020000 	 0.020058 
4.030000 	 0.019898 
4.040000 	 0.019739 
4.050000 	 0.019582 
4.060000 	 0.019426 
4.070000 	 0.019271 
4.080000 	 0.019118 
4.090000 	 0.018965 
4.100000 	 0.018814 
4.110000 	 0.018664 
4.120000 	 0.018515 
4.130000 	 0.018368 
4.140000 	 0.018222 
4.150000 	 0.018076 
4.160000 	 0.017932 
4.170000 	 0.017789 
4.180000 	 0.017648 
4.190000 	 0.017507 
4.200000 	 0.017368 
4.210000 	 0.017229 
4.220000 	 0.017092 
4.230000 	 0.016956 
4.240000 	 0.016821 
4.250000 	 0.016687 
4.260000 	 0.016554 
4.270000 	 0.016422 
4.280000 	 0.016291 
4.290000 	 0.016161 
4.300000 	 0.016032 
4.310000 	 0.015905 
4.320000 	 0.015778 
4.330000 	 0.015652 
4.340000 	 0.015527 
4.350000 	 0.015404 
4.360000 	 0.015281 
4.370000 	 0.015159 
4.380000 	 0.015038 
4.390000 	 0.014919 
4.400000 	 0.014800 
4.410000 	 0.014682 
4.420000 	 0.014565 
4.430000 	 0.014449 
4.440000 	 0.014334 
4.450000 	 0.014219 
4.460000 	 0.014106 
4.470000 	 0.013994 
4.480000 	 0.013882 
4.490000 	 0.013772 
4.500000 	 0.013662 
4.510000 	 0.013553 
4.520000 	 0.013445 
4.530000 	 0.013338 
4.540000 	 0.013232 
4.550000 	 0.013126 
4.560000 	 0.013022 
4.570000 	 0.012918 
4.580000 	 0.012815 
4.590000 	 0.012713 
4.600000 	 0.012611 
4.610000 	 0.012511 
4.620000 	 0.012411 
4.630000 	 0.012312 
4.640000 	 0.012214 
4.650000 	 0.012117 
4.660000 	 0.012020 
4.670000 	 0.011925 
4.680000 	 0.011830 
4.690000 	 0.011735 
4.700000 	 0.011642 
4.710000 	 0.011549 
4.720000 	 0.011457 
4.730000 	 0.011366 
4.740000 	 0.011275 
4.750000 	 0.011185 
4.760000 	 0.011096 
4.770000 	 0.011008 
4.780000 	 0.010920 
4.790000 	 0.010833 
4.800000 	 0.010747 
4.810000 	 0.010661 
4.820000 	 0.010576 
4.830000 	 0.010492 
4.840000 	 0.010408 
4.850000 	 0.010325 
4.860000 	 0.010243 
4.870000 	 0.010162 
4.880000 	 0.010081 
4.890000 	 0.010000 
4.900000 	 0.009921 
4.910000 	 0.009841 
4.920000 	 0.009763 
4.930000 	 0.009685 
4.940000 	 0.009608 
4.950000 	 0.009532 
4.960000 	 0.009456 
4.970000 	 0.009380 
4.980000 	 0.009306 
4.990000 	 0.009231 
5.000000 	 0.009158 
5.010000 	 0.009085 
5.020000 	 0.009012 
5.030000 	 0.008941 
5.040000 	 0.008869 
5.050000 	 0.008799 
5.060000 	 0.008729 
5.070000 	 0.008659 
5.080000 	 0.008590 
5.090000 	 0.008522 
5.100000 	 0.008454 
5.110000 	 0.008386 
5.120000 	 0.008320 
5.130000 	 0.008253 
5.140000 	 0.008187 
5.150000 	 0.008122 
5.160000 	 0.008058 
5.170000 	 0.007993 
5.180000 	 0.007930 
5.190000 	 0.007866 
5.200000 	 0.007804 
5.210000 	 0.007742 
5.220000 	 0.007680 
5.230000 	 0.007619 
5.240000 	 0.007558 
5.250000 	 0.007498 
5.260000 	 0.007438 
5.270000 	 0.007379 
5.280000 	 0.007320 
5.290000 	 0.007262 
5.300000 	 0.007204 
5.310000 	 0.007146 
5.320000 	 0.007089 
5.330000 	 0.007033 
5.340000 	 0.006977 
5.350000 	 0.006921 
5.360000 	 0.006866 
5.370000 	 0.006811 
5.380000 	 0.006757 
5.390000 	 0.006703 
5.400000 	 0.006650 
5.410000 	 0.006597 
5.420000 	 0.006544 
5.430000 	 0.006492 
5.440000 	 0.006441 
5.450000 	 0.006389 
5.460000 	 0.006338 
5.470000 	 0.006288 
5.480000 	 0.006238 
5.490000 	 0.006188 
5.500000 	 0.006139 
5.510000 	 0.006090 
5.520000 	 0.006041 
5.530000 	 0.005993 
5.540000 	 0.005945 
5.550000 	 0.005898 
5.560000 	 0.005851 
5.570000 	 0.005804 
5.580000 	 0.005758 
5.590000 	 0.005712 
5.600000 	 0.005667 
5.610000 	 0.005622 
5.620000 	 0.005577 
5.630000 	 0.005532 
5.640000 	 0.005488 
5.650000 	 0.005445 
5.660000 	 0.005401 
5.670000 	 0.005358 
5.680000 	 0.005315 
5.690000 	 0.005273 
5.700000 	 0.005231 
5.710000 	 0.005189 
5.720000 	 0.005148 
5.730000 	 0.005107 
5.740000 	 0.005066 
5.750000 	 0.005026 
5.760000 	 0.004986 
5.770000 	 0.004946 
5.780000 	 0.004907 
5.790000 	 0.004868 
5.800000 	 0.004829 
5.810000 	 0.004790 
5.820000 	 0.004752 
5.830000 	 0.004714 
5.840000 	 0.004677 
5.850000 	 0.004640 
5.860000 	 0.004603 
5.870000 	 0.004566 
5.880000 	 0.004529 
5.890000 	 0.004493 
5.900000 	 0.004458 
5.910000 	 0.004422 
5.920000 	 0.004387 
5.930000 	 0.004352 
5.940000 	 0.004317 
5.950000 	 0.004283 
5.960000 	 0.004249 
5.970000 	 0.004215 
5.980000 	 0.004181 
5.990000 	 0.004148 
6.000000 	 0.004115 
6.010000 	 0.004082 
6.020000 	 0.004050 
6.030000 	 0.004017 
6.040000 	 0.003985 
6.050000 	 0.003954 
6.060000 	 0.003922 
6.070000 	 0.003891 
6.080000 	 0.003860 
6.090000 	 0.003829 
6.100000 	 0.003799 
6.110000 	 0.003768 
6.120000 	 0.003738 
6.130000 	 0.003708 
6.140000 	 0.003679 
6.150000 	 0.003650 
6.160000 	 0.003620 
6.170000 	 0.003592 
6.180000 	 0.003563 
6.190000 	 0.003535 
6.200000 	 0.003506 
6.210000 	 0.003479 
6.220000 	 0.003451 
6.230000 	 0.003423 
6.240000 	 0.003396 
6.250000 	 0.003369 
6.260000 	 0.003342 
6.270000 	 0.003315 
6.280000 	 0.003289 
6.290000 	 0.003263 
6.300000 	 0.003237 
6.310000 	 0.003211 
6.320000 	 0.003185 
6.330000 	 0.003160 
6.340000 	 0.003135 
6.350000 	 0.003110 
6.360000 	 0.003085 
6.370000 	 0.003061 
6.380000 	 0.003036 
6.390000 	 0.003012 
6.400000 	 0.002988 
6.410000 	 0.002964 
6.420000 	 0.002941 
6.430000 	 0.002917 
6.440000 	 0.002894 
6.450000 	 0.002871 
6.460000 	 0.002848 
6.470000 	 0.002825 
6.480000 	 0.002803 
6.490000 	 0.002780 
6.500000 	 0.002758 
6.510000 	 0.002736 
6.520000 	 0.002715 
6.530000 	 0.002693 
6.540000 	 0.002671 
6.550000 	 0.002650 
6.560000 	 0.002629 
6.570000 	 0.002608 
6.580000 	 0.002587 
6.590000 	 0.002567 
6.600000 	 0.002546 
6.610000 	 0.002526 
6.620000 	 0.002506 
6.630000 	 0.002486 
6.640000 	 0.002466 
6.650000 	 0.002446 
6.660000 	 0.002427 
6.670000 	 0.002408 
6.680000 	 0.002388 
6.690000 	 0.002369 
6.700000 	 0.002350 
6.710000 	 0.002332 
6.720000 	 0.002313 
6.730000 	 0.002295 
6.740000 	 0.002276 
6.750000 	 0.002258 
6.760000 	 0.002240 
6.770000 	 0.002222 
6.780000 	 0.002205 
6.790000 	 0.002187 
6.800000 	 0.002170 
6.810000 	 0.002152 
6.820000 	 0.002135 
6.830000 	 0.002118 
6.840000 	 0.002101 
6.850000 	 0.002085 
6.860000 	 0.002068 
6.870000 	 0.002052 
6.880000 	 0.002035 
6.890000 	 0.002019 
6.900000 	 0.002003 
6.910000 	 0.001987 
6.920000 	 0.001971 
6.930000 	 0.001955 
6.940000 	 0.001940 
6.950000 	 0.001924 
6.960000 	 0.001909 
6.970000 	 0.001894 
6.980000 	 0.001879 
6.990000 	 0.001864 
7.000000 	 0.001849 
7.010000 	 0.001834 
7.020000 	 0.001820 
7.030000 	 0.001805 
7.040000 	 0.001791 
7.050000 	 0.001776 
7.060000 	 0.001762 
7.070000 	 0.001748 
7.080000 	 0.001734 
7.090000 	 0.001720 
7.100000 	 0.001707 
7.110000 	 0.001693 
7.120000 	 0.001680 
7.130000 	 0.001666 
7.140000 	 0.001653 
7.150000 	 0.001640 
7.160000 	 0.001627 
7.170000 	 0.001614 
7.180000 	 0.001601 
7.190000 	 0.001588 
7.200000 	 0.001576 
7.210000 	 0.001563 
7.220000 	 0.001551 
7.230000 	 0.001538 
7.240000 	 0.001526 
7.250000 	 0.001514 
7.260000 	 0.001502 
7.270000 	 0.001490 
7.280000 	 0.001478 
7.290000 	 0.001466 
7.300000 	 0.001454 
7.310000 	 0.001443 
7.320000 	 0.001431 
7.330000 	 0.001420 
7.340000 	 0.001409 
7.350000 	 0.001397 
7.360000 	 0.001386 
7.370000 	 0.001375 
7.380000 	 0.001364 
7.390000 	 0.001353 
7.400000 	 0.001343 
7.410000 	 0.001332 
7.420000 	 0.001321 
7.430000 	 0.001311 
7.440000 	 0.001300 
7.450000 	 0.001290 
7.460000 	 0.001280 
7.470000 	 0.001269 
7.480000 	 0.001259 
7.490000 	 0.001249 
7.500000 	 0.001239 
7.510000 	 0.001230 
7.520000 	 0.001220 
7.530000 	 0.001210 
7.540000 	 0.001200 
7.550000 	 0.001191 
7.560000 	 0.001181 
7.570000 	 0.001172 
7.580000 	 0.001163 
7.590000 	 0.001153 
7.600000 	 0.001144 
7.610000 	 0.001135 
7.620000 	 0.001126 
7.630000 	 0.001117 
7.640000 	 0.001108 
7.650000 	 0.001099 
7.660000 	 0.001090 
7.670000 	 0.001082 
7.680000 	 0.001073 
7.690000 	 0.001065 
7.700000 	 0.001056 
7.710000 	 0.001048 
7.720000 	 0.001039 
7.730000 	 0.001031 
7.740000 	 0.001023 
7.750000 	 0.001015 
7.760000 	 0.001007 
7.770000 	 0.000999 
7.780000 	 0.000991 
7.790000 	 0.000983 
7.800000 	 0.000975 
7.810000 	 0.000967 
7.820000 	 0.000959 
7.830000 	 0.000952 
7.840000 	 0.000944 
7.850000 	 0.000937 
7.860000 	 0.000929 
7.870000 	 0.000922 
7.880000 	 0.000914 
7.890000 	 0.000907 
7.900000 	 0.000900 
7.910000 	 0.000893 
7.920000 	 0.000886 
7.930000 	 0.000879 
7.940000 	 0.000872 
7.950000 	 0.000865 
7.960000 	 0.000858 
7.970000 	 0.000851 
7.980000 	 0.000844 
7.990000 	 0.000837 
8.000000 	 0.000831 
8.010000 	 0.000824 
8.020000 	 0.000818 
8.030000 	 0.000811 
8.040000 	 0.000805 
8.050000 	 0.000798 
8.060000 	 0.000792 
8.070000 	 0.000786 
8.080000 	 0.000779 
8.090000 	 0.000773 
8.100000 	 0.000767 
8.110000 	 0.000761 
8.120000 	 0.000755 
8.130000 	 0.000749 
8.140000 	 0.000743 
8.150000 	 0.000737 
8.160000 	 0.000731 
8.170000 	 0.000725 
8.180000 	 0.000719 
8.190000 	 0.000714 
8.200000 	 0.000708 
8.210000 	 0.000702 
8.220000 	 0.000697 
8.230000 	 0.000691 
8.240000 	 0.000686 
8.250000 	 0.000680 
8.260000 	 0.000675 
8.270000 	 0.000669 
8.280000 	 0.000664 
8.290000 	 0.000659 
8.300000 	 0.000654 
8.310000 	 0.000648 
8.320000 	 0.000643 
8.330000 	 0.000638 
8.340000 	 0.000633 
8.350000 	 0.000628 
8.360000 	 0.000623 
8.370000 	 0.000618 
8.380000 	 0.000613 
8.390000 	 0.000608 
8.400000 	 0.000603 
8.410000 	 0.000598 
8.420000 	 0.000594 
8.430000 	 0.000589 
8.440000 	 0.000584 
8.450000 	 0.000580 
8.460000 	 0.000575 
8.470000 	 0.000570 
8.480000 	 0.000566 
8.490000 	 0.000561 
8.500000 	 0.000557 
8.510000 	 0.000552 
8.520000 	 0.000548 
8.530000 	 0.000544 
8.540000 	 0.000539 
8.550000 	 0.000535 
8.560000 	 0.000531 
8.570000 	 0.000527 
8.580000 	 0.000522 
8.590000 	 0.000518 
8.600000 	 0.000514 
8.610000 	 0.000510 
8.620000 	 0.000506 
8.630000 	 0.000502 
8.640000 	 0.000498 
8.650000 	 0.000494 
8.660000 	 0.000490 
8.670000 	 0.000486 
8.680000 	 0.000482 
8.690000 	 0.000478 
8.700000 	 0.000475 
8.710000 	 0.000471 
8.720000 	 0.000467 
8.730000 	 0.000463 
8.740000 	 0.000460 
8.750000 	 0.000456 
8.760000 	 0.000452 
8.770000 	 0.000449 
8.780000 	 0.000445 
8.790000 	 0.000442 
8.800000 	 0.000438 
8.810000 	 0.000435 
8.820000 	 0.000431 
8.830000 	 0.000428 
8.840000 	 0.000424 
8.850000 	 0.000421 
8.860000 	 0.000418 
8.870000 	 0.000414 
8.880000 	 0.000411 
8.890000 	 0.000408 
8.900000 	 0.000404 
8.910000 	 0.000401 
8.920000 	 0.000398 
8.930000 	 0.000395 
8.940000 	 0.000392 
8.950000 	 0.000389 
8.960000 	 0.000385 
8.970000 	 0.000382 
8.980000 	 0.000379 
8.990000 	 0.000376 
9.000000 	 0.000373 
9.010000 	 0.000370 
9.020000 	 0.000367 
9.030000 	 0.000364 
9.040000 	 0.000362 
9.050000 	 0.000359 
9.060000 	 0.000356 
9.070000 	 0.000353 
9.080000 	 0.000350 
9.090000 	 0.000347 
9.100000 	 0.000345 
9.110000 	 0.000342 
9.120000 	 0.000339 
9.130000 	 0.000336 
9.140000 	 0.000334 
9.150000 	 0.000331 
9.160000 	 0.000328 
9.170000 	 0.000326 
9.180000 	 0.000323 
9.190000 	 0.000321 
9.200000 	 0.000318 
9.210000 	 0.000316 
9.220000 	 0.000313 
9.230000 	 0.000311 
9.240000 	 0.000308 
9.250000 	 0.000306 
9.260000 	 0.000303 
9.270000 	 0.000301 
9.280000 	 0.000298 
9.290000 	 0.000296 
9.300000 	 0.000294 
9.310000 	 0.000291 
9.320000 	 0.000289 
9.330000 	 0.000287 
9.340000 	 0.000284 
9.350000 	 0.000282 
9.360000 	 0.000280 
9.370000 	 0.000278 
9.380000 	 0.000275 
9.390000 	 0.000273 
9.400000 	 0.000271 
9.410000 	 0.000269 
9.420000 	 0.000267 
9.430000 	 0.000265 
9.440000 	 0.000263 
9.450000 	 0.000260 
9.460000 	 0.000258 
9.470000 	 0.000256 
9.480000 	 0.000254 
9.490000 	 0.000252 
9.500000 	 0.000250 
9.510000 	 0.000248 
9.520000 	 0.000246 
9.530000 	 0.000244 
9.540000 	 0.000242 
9.550000 	 0.000240 
9.560000 	 0.000238 
9.570000 	 0.000237 
9.580000 	 0.000235 
9.590000 	 0.000233 
9.600000 	 0.000231 
9.610000 	 0.000229 
9.620000 	 0.000227 
9.630000 	 0.000226 
9.640000 	 0.000224 
9.650000 	 0.000222 
9.660000 	 0.000220 
9.670000 	 0.000218 
9.680000 	 0.000217 
9.690000 	 0.000215 
9.700000 	 0.000213 
9.710000 	 0.000212 
9.720000 	 0.000210 
9.730000 	 0.000208 
9.740000 	 0.000207 
9.750000 	 0.000205 
9.760000 	 0.000203 
9.770000 	 0.000202 
9.780000 	 0.000200 
9.790000 	 0.000198 
9.800000 	 0.000197 
9.810000 	 0.000195 
9.820000 	 0.000194 
9.830000 	 0.000192 
9.840000 	 0.000191 
9.850000 	 0.000189 
9.860000 	 0.000188 
9.870000 	 0.000186 
9.880000 	 0.000185 
9.890000 	 0.000183 
9.900000 	 0.000182 
9.910000 	 0.000180 
9.920000 	 0.000179 
9.930000 	 0.000177 
9.940000 	 0.000176 
9.950000 	 0.000175 
9.960000 	 0.000173 
9.970000 	 0.000172 
9.980000 	 0.000170 
9.990000 	 0.000169 
10.000000 	 0.000168 
