-10.000000	-0.235057
-9.990000	-0.235057
-9.980000	-0.235056
-9.970000	-0.235056
-9.960000	-0.235056
-9.950000	-0.235056
-9.940000	-0.235056
-9.930000	-0.235056
-9.920000	-0.235056
-9.910000	-0.235056
-9.900000	-0.235056
-9.890000	-0.235056
-9.880000	-0.235056
-9.870000	-0.235056
-9.860000	-0.235056
-9.850000	-0.235056
-9.840000	-0.235056
-9.830000	-0.235056
-9.820000	-0.235056
-9.810000	-0.235056
-9.800000	-0.235056
-9.790000	-0.235056
-9.780000	-0.235056
-9.770000	-0.235056
-9.760000	-0.235055
-9.750000	-0.235055
-9.740000	-0.235055
-9.730000	-0.235055
-9.720000	-0.235055
-9.710000	-0.235055
-9.700000	-0.235055
-9.690000	-0.235055
-9.680000	-0.235055
-9.670000	-0.235055
-9.660000	-0.235055
-9.650000	-0.235055
-9.640000	-0.235055
-9.630000	-0.235055
-9.620000	-0.235055
-9.610000	-0.235055
-9.600000	-0.235055
-9.590000	-0.235055
-9.580000	-0.235054
-9.570000	-0.235054
-9.560000	-0.235054
-9.550000	-0.235054
-9.540000	-0.235054
-9.530000	-0.235054
-9.520000	-0.235054
-9.510000	-0.235054
-9.500000	-0.235054
-9.490000	-0.235054
-9.480000	-0.235054
-9.470000	-0.235054
-9.460000	-0.235054
-9.450000	-0.235054
-9.440000	-0.235054
-9.430000	-0.235053
-9.420000	-0.235053
-9.410000	-0.235053
-9.400000	-0.235053
-9.390000	-0.235053
-9.380000	-0.235053
-9.370000	-0.235053
-9.360000	-0.235053
-9.350000	-0.235053
-9.340000	-0.235053
-9.330000	-0.235053
-9.320000	-0.235053
-9.310000	-0.235053
-9.300000	-0.235052
-9.290000	-0.235052
-9.280000	-0.235052
-9.270000	-0.235052
-9.260000	-0.235052
-9.250000	-0.235052
-9.240000	-0.235052
-9.230000	-0.235052
-9.220000	-0.235052
-9.210000	-0.235052
-9.200000	-0.235052
-9.190000	-0.235052
-9.180000	-0.235051
-9.170000	-0.235051
-9.160000	-0.235051
-9.150000	-0.235051
-9.140000	-0.235051
-9.130000	-0.235051
-9.120000	-0.235051
-9.110000	-0.235051
-9.100000	-0.235051
-9.090000	-0.235051
-9.080000	-0.235050
-9.070000	-0.235050
-9.060000	-0.235050
-9.050000	-0.235050
-9.040000	-0.235050
-9.030000	-0.235050
-9.020000	-0.235050
-9.010000	-0.235050
-9.000000	-0.235050
-8.990000	-0.235050
-8.980000	-0.235049
-8.970000	-0.235049
-8.960000	-0.235049
-8.950000	-0.235049
-8.940000	-0.235049
-8.930000	-0.235049
-8.920000	-0.235049
-8.910000	-0.235049
-8.900000	-0.235048
-8.890000	-0.235048
-8.880000	-0.235048
-8.870000	-0.235048
-8.860000	-0.235048
-8.850000	-0.235048
-8.840000	-0.235048
-8.830000	-0.235048
-8.820000	-0.235047
-8.810000	-0.235047
-8.800000	-0.235047
-8.790000	-0.235047
-8.780000	-0.235047
-8.770000	-0.235047
-8.760000	-0.235047
-8.750000	-0.235046
-8.740000	-0.235046
-8.730000	-0.235046
-8.720000	-0.235046
-8.710000	-0.235046
-8.700000	-0.235046
-8.690000	-0.235046
-8.680000	-0.235045
-8.670000	-0.235045
-8.660000	-0.235045
-8.650000	-0.235045
-8.640000	-0.235045
-8.630000	-0.235045
-8.620000	-0.235044
-8.610000	-0.235044
-8.600000	-0.235044
-8.590000	-0.235044
-8.580000	-0.235044
-8.570000	-0.235044
-8.560000	-0.235043
-8.550000	-0.235043
-8.540000	-0.235043
-8.530000	-0.235043
-8.520000	-0.235043
-8.510000	-0.235043
-8.500000	-0.235042
-8.490000	-0.235042
-8.480000	-0.235042
-8.470000	-0.235042
-8.460000	-0.235042
-8.450000	-0.235041
-8.440000	-0.235041
-8.430000	-0.235041
-8.420000	-0.235041
-8.410000	-0.235041
-8.400000	-0.235040
-8.390000	-0.235040
-8.380000	-0.235040
-8.370000	-0.235040
-8.360000	-0.235040
-8.350000	-0.235039
-8.340000	-0.235039
-8.330000	-0.235039
-8.320000	-0.235039
-8.310000	-0.235038
-8.300000	-0.235038
-8.290000	-0.235038
-8.280000	-0.235038
-8.270000	-0.235037
-8.260000	-0.235037
-8.250000	-0.235037
-8.240000	-0.235037
-8.230000	-0.235037
-8.220000	-0.235036
-8.210000	-0.235036
-8.200000	-0.235036
-8.190000	-0.235036
-8.180000	-0.235035
-8.170000	-0.235035
-8.160000	-0.235035
-8.150000	-0.235034
-8.140000	-0.235034
-8.130000	-0.235034
-8.120000	-0.235034
-8.110000	-0.235033
-8.100000	-0.235033
-8.090000	-0.235033
-8.080000	-0.235033
-8.070000	-0.235032
-8.060000	-0.235032
-8.050000	-0.235032
-8.040000	-0.235031
-8.030000	-0.235031
-8.020000	-0.235031
-8.010000	-0.235030
-8.000000	-0.235030
-7.990000	-0.235030
-7.980000	-0.235029
-7.970000	-0.235029
-7.960000	-0.235029
-7.950000	-0.235029
-7.940000	-0.235028
-7.930000	-0.235028
-7.920000	-0.235028
-7.910000	-0.235027
-7.900000	-0.235027
-7.890000	-0.235026
-7.880000	-0.235026
-7.870000	-0.235026
-7.860000	-0.235025
-7.850000	-0.235025
-7.840000	-0.235025
-7.830000	-0.235024
-7.820000	-0.235024
-7.810000	-0.235024
-7.800000	-0.235023
-7.790000	-0.235023
-7.780000	-0.235022
-7.770000	-0.235022
-7.760000	-0.235022
-7.750000	-0.235021
-7.740000	-0.235021
-7.730000	-0.235020
-7.720000	-0.235020
-7.710000	-0.235020
-7.700000	-0.235019
-7.690000	-0.235019
-7.680000	-0.235018
-7.670000	-0.235018
-7.660000	-0.235017
-7.650000	-0.235017
-7.640000	-0.235016
-7.630000	-0.235016
-7.620000	-0.235016
-7.610000	-0.235015
-7.600000	-0.235015
-7.590000	-0.235014
-7.580000	-0.235014
-7.570000	-0.235013
-7.560000	-0.235013
-7.550000	-0.235012
-7.540000	-0.235012
-7.530000	-0.235011
-7.520000	-0.235011
-7.510000	-0.235010
-7.500000	-0.235010
-7.490000	-0.235009
-7.480000	-0.235009
-7.470000	-0.235008
-7.460000	-0.235008
-7.450000	-0.235007
-7.440000	-0.235006
-7.430000	-0.235006
-7.420000	-0.235005
-7.410000	-0.235005
-7.400000	-0.235004
-7.390000	-0.235004
-7.380000	-0.235003
-7.370000	-0.235002
-7.360000	-0.235002
-7.350000	-0.235001
-7.340000	-0.235001
-7.330000	-0.235000
-7.320000	-0.234999
-7.310000	-0.234999
-7.300000	-0.234998
-7.290000	-0.234997
-7.280000	-0.234997
-7.270000	-0.234996
-7.260000	-0.234995
-7.250000	-0.234995
-7.240000	-0.234994
-7.230000	-0.234993
-7.220000	-0.234993
-7.210000	-0.234992
-7.200000	-0.234991
-7.190000	-0.234990
-7.180000	-0.234990
-7.170000	-0.234989
-7.160000	-0.234988
-7.150000	-0.234988
-7.140000	-0.234987
-7.130000	-0.234986
-7.120000	-0.234985
-7.110000	-0.234984
-7.100000	-0.234984
-7.090000	-0.234983
-7.080000	-0.234982
-7.070000	-0.234981
-7.060000	-0.234980
-7.050000	-0.234980
-7.040000	-0.234979
-7.030000	-0.234978
-7.020000	-0.234977
-7.010000	-0.234976
-7.000000	-0.234975
-6.990000	-0.234974
-6.980000	-0.234974
-6.970000	-0.234973
-6.960000	-0.234972
-6.950000	-0.234971
-6.940000	-0.234970
-6.930000	-0.234969
-6.920000	-0.234968
-6.910000	-0.234967
-6.900000	-0.234966
-6.890000	-0.234965
-6.880000	-0.234964
-6.870000	-0.234963
-6.860000	-0.234962
-6.850000	-0.234961
-6.840000	-0.234960
-6.830000	-0.234959
-6.820000	-0.234958
-6.810000	-0.234957
-6.800000	-0.234956
-6.790000	-0.234955
-6.780000	-0.234954
-6.770000	-0.234953
-6.760000	-0.234951
-6.750000	-0.234950
-6.740000	-0.234949
-6.730000	-0.234948
-6.720000	-0.234947
-6.710000	-0.234946
-6.700000	-0.234944
-6.690000	-0.234943
-6.680000	-0.234942
-6.670000	-0.234941
-6.660000	-0.234940
-6.650000	-0.234938
-6.640000	-0.234937
-6.630000	-0.234936
-6.620000	-0.234934
-6.610000	-0.234933
-6.600000	-0.234932
-6.590000	-0.234930
-6.580000	-0.234929
-6.570000	-0.234928
-6.560000	-0.234926
-6.550000	-0.234925
-6.540000	-0.234924
-6.530000	-0.234922
-6.520000	-0.234921
-6.510000	-0.234919
-6.500000	-0.234918
-6.490000	-0.234916
-6.480000	-0.234915
-6.470000	-0.234913
-6.460000	-0.234912
-6.450000	-0.234910
-6.440000	-0.234909
-6.430000	-0.234907
-6.420000	-0.234905
-6.410000	-0.234904
-6.400000	-0.234902
-6.390000	-0.234901
-6.380000	-0.234899
-6.370000	-0.234897
-6.360000	-0.234896
-6.350000	-0.234894
-6.340000	-0.234892
-6.330000	-0.234890
-6.320000	-0.234889
-6.310000	-0.234887
-6.300000	-0.234885
-6.290000	-0.234883
-6.280000	-0.234881
-6.270000	-0.234879
-6.260000	-0.234878
-6.250000	-0.234876
-6.240000	-0.234874
-6.230000	-0.234872
-6.220000	-0.234870
-6.210000	-0.234868
-6.200000	-0.234866
-6.190000	-0.234864
-6.180000	-0.234862
-6.170000	-0.234860
-6.160000	-0.234858
-6.150000	-0.234856
-6.140000	-0.234853
-6.130000	-0.234851
-6.120000	-0.234849
-6.110000	-0.234847
-6.100000	-0.234845
-6.090000	-0.234842
-6.080000	-0.234840
-6.070000	-0.234838
-6.060000	-0.234836
-6.050000	-0.234833
-6.040000	-0.234831
-6.030000	-0.234829
-6.020000	-0.234826
-6.010000	-0.234824
-6.000000	-0.234821
-5.990000	-0.234819
-5.980000	-0.234816
-5.970000	-0.234814
-5.960000	-0.234811
-5.950000	-0.234809
-5.940000	-0.234806
-5.930000	-0.234803
-5.920000	-0.234801
-5.910000	-0.234798
-5.900000	-0.234795
-5.890000	-0.234792
-5.880000	-0.234790
-5.870000	-0.234787
-5.860000	-0.234784
-5.850000	-0.234781
-5.840000	-0.234778
-5.830000	-0.234775
-5.820000	-0.234772
-5.810000	-0.234769
-5.800000	-0.234766
-5.790000	-0.234763
-5.780000	-0.234760
-5.770000	-0.234757
-5.760000	-0.234754
-5.750000	-0.234751
-5.740000	-0.234747
-5.730000	-0.234744
-5.720000	-0.234741
-5.710000	-0.234738
-5.700000	-0.234734
-5.690000	-0.234731
-5.680000	-0.234727
-5.670000	-0.234724
-5.660000	-0.234720
-5.650000	-0.234717
-5.640000	-0.234713
-5.630000	-0.234710
-5.620000	-0.234706
-5.610000	-0.234702
-5.600000	-0.234699
-5.590000	-0.234695
-5.580000	-0.234691
-5.570000	-0.234687
-5.560000	-0.234683
-5.550000	-0.234680
-5.540000	-0.234676
-5.530000	-0.234672
-5.520000	-0.234668
-5.510000	-0.234663
-5.500000	-0.234659
-5.490000	-0.234655
-5.480000	-0.234651
-5.470000	-0.234647
-5.460000	-0.234642
-5.450000	-0.234638
-5.440000	-0.234634
-5.430000	-0.234629
-5.420000	-0.234625
-5.410000	-0.234620
-5.400000	-0.234616
-5.390000	-0.234611
-5.380000	-0.234606
-5.370000	-0.234602
-5.360000	-0.234597
-5.350000	-0.234592
-5.340000	-0.234587
-5.330000	-0.234582
-5.320000	-0.234577
-5.310000	-0.234572
-5.300000	-0.234567
-5.290000	-0.234562
-5.280000	-0.234557
-5.270000	-0.234552
-5.260000	-0.234546
-5.250000	-0.234541
-5.240000	-0.234536
-5.230000	-0.234530
-5.220000	-0.234525
-5.210000	-0.234519
-5.200000	-0.234513
-5.190000	-0.234508
-5.180000	-0.234502
-5.170000	-0.234496
-5.160000	-0.234490
-5.150000	-0.234484
-5.140000	-0.234478
-5.130000	-0.234472
-5.120000	-0.234466
-5.110000	-0.234460
-5.100000	-0.234454
-5.090000	-0.234448
-5.080000	-0.234441
-5.070000	-0.234435
-5.060000	-0.234428
-5.050000	-0.234422
-5.040000	-0.234415
-5.030000	-0.234408
-5.020000	-0.234402
-5.010000	-0.234395
-5.000000	-0.234388
-4.990000	-0.234381
-4.980000	-0.234374
-4.970000	-0.234367
-4.960000	-0.234359
-4.950000	-0.234352
-4.940000	-0.234345
-4.930000	-0.234337
-4.920000	-0.234330
-4.910000	-0.234322
-4.900000	-0.234315
-4.890000	-0.234307
-4.880000	-0.234299
-4.870000	-0.234291
-4.860000	-0.234283
-4.850000	-0.234275
-4.840000	-0.234267
-4.830000	-0.234259
-4.820000	-0.234250
-4.810000	-0.234242
-4.800000	-0.234233
-4.790000	-0.234225
-4.780000	-0.234216
-4.770000	-0.234207
-4.760000	-0.234198
-4.750000	-0.234189
-4.740000	-0.234180
-4.730000	-0.234171
-4.720000	-0.234162
-4.710000	-0.234153
-4.700000	-0.234143
-4.690000	-0.234134
-4.680000	-0.234124
-4.670000	-0.234114
-4.660000	-0.234104
-4.650000	-0.234095
-4.640000	-0.234084
-4.630000	-0.234074
-4.620000	-0.234064
-4.610000	-0.234054
-4.600000	-0.234043
-4.590000	-0.234033
-4.580000	-0.234022
-4.570000	-0.234011
-4.560000	-0.234000
-4.550000	-0.233989
-4.540000	-0.233978
-4.530000	-0.233967
-4.520000	-0.233956
-4.510000	-0.233944
-4.500000	-0.233932
-4.490000	-0.233921
-4.480000	-0.233909
-4.470000	-0.233897
-4.460000	-0.233885
-4.450000	-0.233873
-4.440000	-0.233860
-4.430000	-0.233848
-4.420000	-0.233835
-4.410000	-0.233822
-4.400000	-0.233810
-4.390000	-0.233797
-4.380000	-0.233783
-4.370000	-0.233770
-4.360000	-0.233757
-4.350000	-0.233743
-4.340000	-0.233730
-4.330000	-0.233716
-4.320000	-0.233702
-4.310000	-0.233688
-4.300000	-0.233673
-4.290000	-0.233659
-4.280000	-0.233644
-4.270000	-0.233630
-4.260000	-0.233615
-4.250000	-0.233600
-4.240000	-0.233585
-4.230000	-0.233569
-4.220000	-0.233554
-4.210000	-0.233538
-4.200000	-0.233522
-4.190000	-0.233506
-4.180000	-0.233490
-4.170000	-0.233474
-4.160000	-0.233457
-4.150000	-0.233441
-4.140000	-0.233424
-4.130000	-0.233407
-4.120000	-0.233390
-4.110000	-0.233372
-4.100000	-0.233355
-4.090000	-0.233337
-4.080000	-0.233319
-4.070000	-0.233301
-4.060000	-0.233283
-4.050000	-0.233264
-4.040000	-0.233245
-4.030000	-0.233227
-4.020000	-0.233208
-4.010000	-0.233188
-4.000000	-0.233169
-3.990000	-0.233149
-3.980000	-0.233129
-3.970000	-0.233109
-3.960000	-0.233089
-3.950000	-0.233068
-3.940000	-0.233048
-3.930000	-0.233027
-3.920000	-0.233006
-3.910000	-0.232984
-3.900000	-0.232963
-3.890000	-0.232941
-3.880000	-0.232919
-3.870000	-0.232897
-3.860000	-0.232874
-3.850000	-0.232852
-3.840000	-0.232829
-3.830000	-0.232805
-3.820000	-0.232782
-3.810000	-0.232758
-3.800000	-0.232734
-3.790000	-0.232710
-3.780000	-0.232686
-3.770000	-0.232661
-3.760000	-0.232636
-3.750000	-0.232611
-3.740000	-0.232585
-3.730000	-0.232560
-3.720000	-0.232534
-3.710000	-0.232507
-3.700000	-0.232481
-3.690000	-0.232454
-3.680000	-0.232427
-3.670000	-0.232400
-3.660000	-0.232372
-3.650000	-0.232344
-3.640000	-0.232316
-3.630000	-0.232287
-3.620000	-0.232258
-3.610000	-0.232229
-3.600000	-0.232200
-3.590000	-0.232170
-3.580000	-0.232140
-3.570000	-0.232110
-3.560000	-0.232079
-3.550000	-0.232048
-3.540000	-0.232017
-3.530000	-0.231985
-3.520000	-0.231953
-3.510000	-0.231921
-3.500000	-0.231888
-3.490000	-0.231855
-3.480000	-0.231822
-3.470000	-0.231788
-3.460000	-0.231754
-3.450000	-0.231720
-3.440000	-0.231685
-3.430000	-0.231650
-3.420000	-0.231615
-3.410000	-0.231579
-3.400000	-0.231543
-3.390000	-0.231506
-3.380000	-0.231469
-3.370000	-0.231432
-3.360000	-0.231394
-3.350000	-0.231356
-3.340000	-0.231318
-3.330000	-0.231279
-3.320000	-0.231239
-3.310000	-0.231200
-3.300000	-0.231160
-3.290000	-0.231119
-3.280000	-0.231078
-3.270000	-0.231037
-3.260000	-0.230995
-3.250000	-0.230953
-3.240000	-0.230910
-3.230000	-0.230867
-3.220000	-0.230823
-3.210000	-0.230779
-3.200000	-0.230735
-3.190000	-0.230690
-3.180000	-0.230644
-3.170000	-0.230598
-3.160000	-0.230552
-3.150000	-0.230505
-3.140000	-0.230458
-3.130000	-0.230410
-3.120000	-0.230362
-3.110000	-0.230313
-3.100000	-0.230263
-3.090000	-0.230213
-3.080000	-0.230163
-3.070000	-0.230112
-3.060000	-0.230061
-3.050000	-0.230009
-3.040000	-0.229956
-3.030000	-0.229903
-3.020000	-0.229850
-3.010000	-0.229795
-3.000000	-0.229741
-2.990000	-0.229685
-2.980000	-0.229630
-2.970000	-0.229573
-2.960000	-0.229516
-2.950000	-0.229458
-2.940000	-0.229400
-2.930000	-0.229341
-2.920000	-0.229282
-2.910000	-0.229222
-2.900000	-0.229161
-2.890000	-0.229100
-2.880000	-0.229038
-2.870000	-0.228975
-2.860000	-0.228912
-2.850000	-0.228848
-2.840000	-0.228784
-2.830000	-0.228718
-2.820000	-0.228653
-2.810000	-0.228586
-2.800000	-0.228519
-2.790000	-0.228451
-2.780000	-0.228382
-2.770000	-0.228313
-2.760000	-0.228242
-2.750000	-0.228172
-2.740000	-0.228100
-2.730000	-0.228028
-2.720000	-0.227954
-2.710000	-0.227881
-2.700000	-0.227806
-2.690000	-0.227731
-2.680000	-0.227654
-2.670000	-0.227577
-2.660000	-0.227500
-2.650000	-0.227421
-2.640000	-0.227342
-2.630000	-0.227261
-2.620000	-0.227180
-2.610000	-0.227098
-2.600000	-0.227016
-2.590000	-0.226932
-2.580000	-0.226848
-2.570000	-0.226762
-2.560000	-0.226676
-2.550000	-0.226589
-2.540000	-0.226501
-2.530000	-0.226412
-2.520000	-0.226322
-2.510000	-0.226231
-2.500000	-0.226139
-2.490000	-0.226047
-2.480000	-0.225953
-2.470000	-0.225858
-2.460000	-0.225763
-2.450000	-0.225666
-2.440000	-0.225568
-2.430000	-0.225470
-2.420000	-0.225370
-2.410000	-0.225269
-2.400000	-0.225168
-2.390000	-0.225065
-2.380000	-0.224961
-2.370000	-0.224856
-2.360000	-0.224750
-2.350000	-0.224643
-2.340000	-0.224534
-2.330000	-0.224425
-2.320000	-0.224314
-2.310000	-0.224203
-2.300000	-0.224090
-2.290000	-0.223976
-2.280000	-0.223861
-2.270000	-0.223744
-2.260000	-0.223627
-2.250000	-0.223508
-2.240000	-0.223388
-2.230000	-0.223266
-2.220000	-0.223144
-2.210000	-0.223020
-2.200000	-0.222895
-2.190000	-0.222768
-2.180000	-0.222640
-2.170000	-0.222511
-2.160000	-0.222381
-2.150000	-0.222249
-2.140000	-0.222116
-2.130000	-0.221981
-2.120000	-0.221846
-2.110000	-0.221708
-2.100000	-0.221569
-2.090000	-0.221429
-2.080000	-0.221288
-2.070000	-0.221144
-2.060000	-0.221000
-2.050000	-0.220854
-2.040000	-0.220706
-2.030000	-0.220557
-2.020000	-0.220406
-2.010000	-0.220254
-2.000000	-0.220100
-1.990000	-0.219944
-1.980000	-0.219787
-1.970000	-0.219628
-1.960000	-0.219468
-1.950000	-0.219306
-1.940000	-0.219142
-1.930000	-0.218977
-1.920000	-0.218810
-1.910000	-0.218641
-1.900000	-0.218470
-1.890000	-0.218298
-1.880000	-0.218123
-1.870000	-0.217947
-1.860000	-0.217769
-1.850000	-0.217590
-1.840000	-0.217408
-1.830000	-0.217225
-1.820000	-0.217039
-1.810000	-0.216852
-1.800000	-0.216663
-1.790000	-0.216471
-1.780000	-0.216278
-1.770000	-0.216083
-1.760000	-0.215886
-1.750000	-0.215686
-1.740000	-0.215485
-1.730000	-0.215282
-1.720000	-0.215076
-1.710000	-0.214868
-1.700000	-0.214658
-1.690000	-0.214446
-1.680000	-0.214232
-1.670000	-0.214016
-1.660000	-0.213797
-1.650000	-0.213576
-1.640000	-0.213353
-1.630000	-0.213127
-1.620000	-0.212899
-1.610000	-0.212669
-1.600000	-0.212436
-1.590000	-0.212201
-1.580000	-0.211963
-1.570000	-0.211723
-1.560000	-0.211481
-1.550000	-0.211235
-1.540000	-0.210988
-1.530000	-0.210738
-1.520000	-0.210485
-1.510000	-0.210229
-1.500000	-0.209971
-1.490000	-0.209710
-1.480000	-0.209447
-1.470000	-0.209181
-1.460000	-0.208912
-1.450000	-0.208640
-1.440000	-0.208365
-1.430000	-0.208088
-1.420000	-0.207808
-1.410000	-0.207524
-1.400000	-0.207238
-1.390000	-0.206949
-1.380000	-0.206657
-1.370000	-0.206362
-1.360000	-0.206063
-1.350000	-0.205762
-1.340000	-0.205457
-1.330000	-0.205150
-1.320000	-0.204839
-1.310000	-0.204525
-1.300000	-0.204207
-1.290000	-0.203887
-1.280000	-0.203563
-1.270000	-0.203235
-1.260000	-0.202904
-1.250000	-0.202570
-1.240000	-0.202232
-1.230000	-0.201891
-1.220000	-0.201546
-1.210000	-0.201198
-1.200000	-0.200846
-1.190000	-0.200491
-1.180000	-0.200131
-1.170000	-0.199768
-1.160000	-0.199401
-1.150000	-0.199031
-1.140000	-0.198656
-1.130000	-0.198278
-1.120000	-0.197896
-1.110000	-0.197509
-1.100000	-0.197119
-1.090000	-0.196725
-1.080000	-0.196326
-1.070000	-0.195924
-1.060000	-0.195517
-1.050000	-0.195106
-1.040000	-0.194690
-1.030000	-0.194271
-1.020000	-0.193847
-1.010000	-0.193419
-1.000000	-0.192986
-0.990000	-0.192548
-0.980000	-0.192107
-0.970000	-0.191660
-0.960000	-0.191209
-0.950000	-0.190753
-0.940000	-0.190293
-0.930000	-0.189827
-0.920000	-0.189357
-0.910000	-0.188882
-0.900000	-0.188402
-0.890000	-0.187917
-0.880000	-0.187427
-0.870000	-0.186932
-0.860000	-0.186432
-0.850000	-0.185927
-0.840000	-0.185416
-0.830000	-0.184900
-0.820000	-0.184378
-0.810000	-0.183852
-0.800000	-0.183319
-0.790000	-0.182782
-0.780000	-0.182238
-0.770000	-0.181689
-0.760000	-0.181134
-0.750000	-0.180574
-0.740000	-0.180008
-0.730000	-0.179435
-0.720000	-0.178857
-0.710000	-0.178273
-0.700000	-0.177683
-0.690000	-0.177087
-0.680000	-0.176484
-0.670000	-0.175875
-0.660000	-0.175260
-0.650000	-0.174638
-0.640000	-0.174010
-0.630000	-0.173376
-0.620000	-0.172735
-0.610000	-0.172087
-0.600000	-0.171432
-0.590000	-0.170771
-0.580000	-0.170103
-0.570000	-0.169428
-0.560000	-0.168745
-0.550000	-0.168056
-0.540000	-0.167360
-0.530000	-0.166656
-0.520000	-0.165945
-0.510000	-0.165227
-0.500000	-0.164501
-0.490000	-0.163767
-0.480000	-0.163026
-0.470000	-0.162278
-0.460000	-0.161521
-0.450000	-0.160757
-0.440000	-0.159985
-0.430000	-0.159204
-0.420000	-0.158416
-0.410000	-0.157619
-0.400000	-0.156814
-0.390000	-0.156001
-0.380000	-0.155179
-0.370000	-0.154349
-0.360000	-0.153510
-0.350000	-0.152662
-0.340000	-0.151806
-0.330000	-0.150941
-0.320000	-0.150066
-0.310000	-0.149183
-0.300000	-0.148290
-0.290000	-0.147388
-0.280000	-0.146477
-0.270000	-0.145557
-0.260000	-0.144626
-0.250000	-0.143686
-0.240000	-0.142737
-0.230000	-0.141777
-0.220000	-0.140807
-0.210000	-0.139828
-0.200000	-0.138838
-0.190000	-0.137838
-0.180000	-0.136827
-0.170000	-0.135806
-0.160000	-0.134775
-0.150000	-0.133732
-0.140000	-0.132679
-0.130000	-0.131615
-0.120000	-0.130540
-0.110000	-0.129453
-0.100000	-0.128356
-0.090000	-0.127247
-0.080000	-0.126126
-0.070000	-0.124994
-0.060000	-0.123850
-0.050000	-0.122694
-0.040000	-0.121526
-0.030000	-0.120346
-0.020000	-0.119153
-0.010000	-0.117949
0.000000	-0.116731
0.010000	-0.115514
0.020000	-0.114309
0.030000	-0.113116
0.040000	-0.111936
0.050000	-0.110767
0.060000	-0.109610
0.070000	-0.108465
0.080000	-0.107332
0.090000	-0.106209
0.100000	-0.105099
0.110000	-0.103999
0.120000	-0.102911
0.130000	-0.101834
0.140000	-0.100767
0.150000	-0.099712
0.160000	-0.098666
0.170000	-0.097632
0.180000	-0.096608
0.190000	-0.095594
0.200000	-0.094591
0.210000	-0.093597
0.220000	-0.092614
0.230000	-0.091641
0.240000	-0.090677
0.250000	-0.089723
0.260000	-0.088779
0.270000	-0.087844
0.280000	-0.086918
0.290000	-0.086002
0.300000	-0.085095
0.310000	-0.084197
0.320000	-0.083308
0.330000	-0.082428
0.340000	-0.081557
0.350000	-0.080695
0.360000	-0.079841
0.370000	-0.078996
0.380000	-0.078159
0.390000	-0.077330
0.400000	-0.076510
0.410000	-0.075698
0.420000	-0.074894
0.430000	-0.074098
0.440000	-0.073310
0.450000	-0.072530
0.460000	-0.071758
0.470000	-0.070993
0.480000	-0.070236
0.490000	-0.069486
0.500000	-0.068744
0.510000	-0.068009
0.520000	-0.067281
0.530000	-0.066561
0.540000	-0.065848
0.550000	-0.065141
0.560000	-0.064442
0.570000	-0.063750
0.580000	-0.063064
0.590000	-0.062385
0.600000	-0.061713
0.610000	-0.061048
0.620000	-0.060389
0.630000	-0.059736
0.640000	-0.059090
0.650000	-0.058450
0.660000	-0.057816
0.670000	-0.057189
0.680000	-0.056568
0.690000	-0.055952
0.700000	-0.055343
0.710000	-0.054740
0.720000	-0.054142
0.730000	-0.053550
0.740000	-0.052964
0.750000	-0.052384
0.760000	-0.051809
0.770000	-0.051240
0.780000	-0.050676
0.790000	-0.050118
0.800000	-0.049565
0.810000	-0.049017
0.820000	-0.048475
0.830000	-0.047938
0.840000	-0.047406
0.850000	-0.046879
0.860000	-0.046357
0.870000	-0.045840
0.880000	-0.045327
0.890000	-0.044820
0.900000	-0.044318
0.910000	-0.043820
0.920000	-0.043327
0.930000	-0.042838
0.940000	-0.042354
0.950000	-0.041875
0.960000	-0.041400
0.970000	-0.040930
0.980000	-0.040464
0.990000	-0.040002
1.000000	-0.039544
1.010000	-0.039514
1.020000	-0.039484
1.030000	-0.039455
1.040000	-0.039425
1.050000	-0.039396
1.060000	-0.039367
1.070000	-0.039339
1.080000	-0.039311
1.090000	-0.039283
1.100000	-0.039255
1.110000	-0.039227
1.120000	-0.039200
1.130000	-0.039173
1.140000	-0.039147
1.150000	-0.039121
1.160000	-0.039095
1.170000	-0.039069
1.180000	-0.039043
1.190000	-0.039018
1.200000	-0.038993
1.210000	-0.038969
1.220000	-0.038944
1.230000	-0.038920
1.240000	-0.038897
1.250000	-0.038873
1.260000	-0.038850
1.270000	-0.038827
1.280000	-0.038804
1.290000	-0.038782
1.300000	-0.038760
1.310000	-0.038738
1.320000	-0.038716
1.330000	-0.038695
1.340000	-0.038674
1.350000	-0.038653
1.360000	-0.038633
1.370000	-0.038612
1.380000	-0.038593
1.390000	-0.038573
1.400000	-0.038554
1.410000	-0.038534
1.420000	-0.038516
1.430000	-0.038497
1.440000	-0.038479
1.450000	-0.038461
1.460000	-0.038443
1.470000	-0.038426
1.480000	-0.038408
1.490000	-0.038392
1.500000	-0.038375
1.510000	-0.038359
1.520000	-0.038342
1.530000	-0.038327
1.540000	-0.038311
1.550000	-0.038296
1.560000	-0.038281
1.570000	-0.038266
1.580000	-0.038252
1.590000	-0.038238
1.600000	-0.038224
1.610000	-0.038210
1.620000	-0.038197
1.630000	-0.038184
1.640000	-0.038171
1.650000	-0.038158
1.660000	-0.038146
1.670000	-0.038134
1.680000	-0.038122
1.690000	-0.038111
1.700000	-0.038100
1.710000	-0.038089
1.720000	-0.038078
1.730000	-0.038068
1.740000	-0.038058
1.750000	-0.038048
1.760000	-0.038038
1.770000	-0.038029
1.780000	-0.038020
1.790000	-0.038011
1.800000	-0.038003
1.810000	-0.037995
1.820000	-0.037987
1.830000	-0.037979
1.840000	-0.037972
1.850000	-0.037964
1.860000	-0.037958
1.870000	-0.037951
1.880000	-0.037945
1.890000	-0.037939
1.900000	-0.037933
1.910000	-0.037928
1.920000	-0.037922
1.930000	-0.037917
1.940000	-0.037913
1.950000	-0.037908
1.960000	-0.037904
1.970000	-0.037900
1.980000	-0.037897
1.990000	-0.037893
2.000000	-0.037890
2.010000	-0.037887
2.020000	-0.037885
2.030000	-0.037883
2.040000	-0.037881
2.050000	-0.037879
2.060000	-0.037878
2.070000	-0.037876
2.080000	-0.037876
2.090000	-0.037875
2.100000	-0.037875
2.110000	-0.037874
2.120000	-0.037875
2.130000	-0.037875
2.140000	-0.037876
2.150000	-0.037877
2.160000	-0.037878
2.170000	-0.037880
2.180000	-0.037881
2.190000	-0.037883
2.200000	-0.037886
2.210000	-0.037888
2.220000	-0.037891
2.230000	-0.037894
2.240000	-0.037898
2.250000	-0.037902
2.260000	-0.037906
2.270000	-0.037910
2.280000	-0.037914
2.290000	-0.037919
2.300000	-0.037924
2.310000	-0.037929
2.320000	-0.037935
2.330000	-0.037941
2.340000	-0.037947
2.350000	-0.037953
2.360000	-0.037960
2.370000	-0.037967
2.380000	-0.037974
2.390000	-0.037982
2.400000	-0.037989
2.410000	-0.037997
2.420000	-0.038006
2.430000	-0.038014
2.440000	-0.038023
2.450000	-0.038032
2.460000	-0.038042
2.470000	-0.038051
2.480000	-0.038061
2.490000	-0.038071
2.500000	-0.038082
2.510000	-0.038093
2.520000	-0.038104
2.530000	-0.038115
2.540000	-0.038126
2.550000	-0.038138
2.560000	-0.038150
2.570000	-0.038163
2.580000	-0.038175
2.590000	-0.038188
2.600000	-0.038201
2.610000	-0.038215
2.620000	-0.038229
2.630000	-0.038243
2.640000	-0.038257
2.650000	-0.038271
2.660000	-0.038286
2.670000	-0.038301
2.680000	-0.038317
2.690000	-0.038332
2.700000	-0.038348
2.710000	-0.038364
2.720000	-0.038381
2.730000	-0.038398
2.740000	-0.038415
2.750000	-0.038432
2.760000	-0.038449
2.770000	-0.038467
2.780000	-0.038485
2.790000	-0.038504
2.800000	-0.038522
2.810000	-0.038541
2.820000	-0.038560
2.830000	-0.038580
2.840000	-0.038600
2.850000	-0.038620
2.860000	-0.038640
2.870000	-0.038661
2.880000	-0.038681
2.890000	-0.038702
2.900000	-0.038724
2.910000	-0.038746
2.920000	-0.038768
2.930000	-0.038790
2.940000	-0.038812
2.950000	-0.038835
2.960000	-0.038858
2.970000	-0.038881
2.980000	-0.038905
2.990000	-0.038929
3.000000	-0.038953
3.010000	-0.038978
3.020000	-0.039002
3.030000	-0.039027
3.040000	-0.039053
3.050000	-0.039078
3.060000	-0.039104
3.070000	-0.039130
3.080000	-0.039156
3.090000	-0.039183
3.100000	-0.039210
3.110000	-0.039237
3.120000	-0.039265
3.130000	-0.039293
3.140000	-0.039321
3.150000	-0.039349
3.160000	-0.039378
3.170000	-0.039407
3.180000	-0.039436
3.190000	-0.039465
3.200000	-0.039495
3.210000	-0.039525
3.220000	-0.039555
3.230000	-0.039586
3.240000	-0.039617
3.250000	-0.039648
3.260000	-0.039679
3.270000	-0.039711
3.280000	-0.039743
3.290000	-0.039775
3.300000	-0.039808
3.310000	-0.039841
3.320000	-0.039874
3.330000	-0.039907
3.340000	-0.039941
3.350000	-0.039975
3.360000	-0.040009
3.370000	-0.040044
3.380000	-0.040079
3.390000	-0.040114
3.400000	-0.040149
3.410000	-0.040185
3.420000	-0.040221
3.430000	-0.040257
3.440000	-0.040294
3.450000	-0.040331
3.460000	-0.040368
3.470000	-0.040405
3.480000	-0.040443
3.490000	-0.040481
3.500000	-0.040519
3.510000	-0.040558
3.520000	-0.040597
3.530000	-0.040636
3.540000	-0.040676
3.550000	-0.040715
3.560000	-0.040755
3.570000	-0.040796
3.580000	-0.040836
3.590000	-0.040877
3.600000	-0.040918
3.610000	-0.040960
3.620000	-0.041002
3.630000	-0.041044
3.640000	-0.041086
3.650000	-0.041129
3.660000	-0.041172
3.670000	-0.041215
3.680000	-0.041259
3.690000	-0.041302
3.700000	-0.041347
3.710000	-0.041391
3.720000	-0.041436
3.730000	-0.041481
3.740000	-0.041526
3.750000	-0.041572
3.760000	-0.041617
3.770000	-0.041664
3.780000	-0.041710
3.790000	-0.041757
3.800000	-0.041804
3.810000	-0.041851
3.820000	-0.041899
3.830000	-0.041947
3.840000	-0.041995
3.850000	-0.042044
3.860000	-0.042093
3.870000	-0.042142
3.880000	-0.042192
3.890000	-0.042241
3.900000	-0.042291
3.910000	-0.042342
3.920000	-0.042393
3.930000	-0.042444
3.940000	-0.042495
3.950000	-0.042546
3.960000	-0.042598
3.970000	-0.042651
3.980000	-0.042703
3.990000	-0.042756
4.000000	-0.042809
4.010000	-0.042862
4.020000	-0.042916
4.030000	-0.042970
4.040000	-0.043025
4.050000	-0.043079
4.060000	-0.043134
4.070000	-0.043189
4.080000	-0.043245
4.090000	-0.043301
4.100000	-0.043357
4.110000	-0.043414
4.120000	-0.043470
4.130000	-0.043527
4.140000	-0.043585
4.150000	-0.043643
4.160000	-0.043701
4.170000	-0.043759
4.180000	-0.043818
4.190000	-0.043877
4.200000	-0.043936
4.210000	-0.043996
4.220000	-0.044056
4.230000	-0.044116
4.240000	-0.044176
4.250000	-0.044237
4.260000	-0.044298
4.270000	-0.044360
4.280000	-0.044422
4.290000	-0.044484
4.300000	-0.044546
4.310000	-0.044609
4.320000	-0.044672
4.330000	-0.044735
4.340000	-0.044799
4.350000	-0.044863
4.360000	-0.044928
4.370000	-0.044992
4.380000	-0.045057
4.390000	-0.045123
4.400000	-0.045188
4.410000	-0.045254
4.420000	-0.045321
4.430000	-0.045387
4.440000	-0.045454
4.450000	-0.045521
4.460000	-0.045589
4.470000	-0.045657
4.480000	-0.045725
4.490000	-0.045794
4.500000	-0.045862
4.510000	-0.045932
4.520000	-0.046001
4.530000	-0.046071
4.540000	-0.046141
4.550000	-0.046212
4.560000	-0.046283
4.570000	-0.046354
4.580000	-0.046425
4.590000	-0.046497
4.600000	-0.046569
4.610000	-0.046642
4.620000	-0.046715
4.630000	-0.046788
4.640000	-0.046861
4.650000	-0.046935
4.660000	-0.047009
4.670000	-0.047084
4.680000	-0.047159
4.690000	-0.047234
4.700000	-0.047310
4.710000	-0.047385
4.720000	-0.047462
4.730000	-0.047538
4.740000	-0.047615
4.750000	-0.047692
4.760000	-0.047770
4.770000	-0.047848
4.780000	-0.047926
4.790000	-0.048004
4.800000	-0.048083
4.810000	-0.048163
4.820000	-0.048242
4.830000	-0.048322
4.840000	-0.048403
4.850000	-0.048483
4.860000	-0.048564
4.870000	-0.048645
4.880000	-0.048727
4.890000	-0.048809
4.900000	-0.048892
4.910000	-0.048974
4.920000	-0.049057
4.930000	-0.049141
4.940000	-0.049225
4.950000	-0.049309
4.960000	-0.049393
4.970000	-0.049478
4.980000	-0.049563
4.990000	-0.049649
5.000000	-0.049735
5.010000	-0.049821
5.020000	-0.049907
5.030000	-0.049994
5.040000	-0.050082
5.050000	-0.050169
5.060000	-0.050257
5.070000	-0.050346
5.080000	-0.050434
5.090000	-0.050523
5.100000	-0.050613
5.110000	-0.050703
5.120000	-0.050793
5.130000	-0.050883
5.140000	-0.050974
5.150000	-0.051066
5.160000	-0.051157
5.170000	-0.051249
5.180000	-0.051342
5.190000	-0.051434
5.200000	-0.051527
5.210000	-0.051621
5.220000	-0.051715
5.230000	-0.051809
5.240000	-0.051903
5.250000	-0.051998
5.260000	-0.052094
5.270000	-0.052189
5.280000	-0.052285
5.290000	-0.052382
5.300000	-0.052479
5.310000	-0.052576
5.320000	-0.052673
5.330000	-0.052771
5.340000	-0.052870
5.350000	-0.052968
5.360000	-0.053067
5.370000	-0.053167
5.380000	-0.053267
5.390000	-0.053367
5.400000	-0.053467
5.410000	-0.053568
5.420000	-0.053670
5.430000	-0.053771
5.440000	-0.053873
5.450000	-0.053976
5.460000	-0.054079
5.470000	-0.054182
5.480000	-0.054286
5.490000	-0.054390
5.500000	-0.054494
5.510000	-0.054599
5.520000	-0.054704
5.530000	-0.054810
5.540000	-0.054916
5.550000	-0.055022
5.560000	-0.055129
5.570000	-0.055236
5.580000	-0.055343
5.590000	-0.055451
5.600000	-0.055560
5.610000	-0.055668
5.620000	-0.055778
5.630000	-0.055887
5.640000	-0.055997
5.650000	-0.056107
5.660000	-0.056218
5.670000	-0.056329
5.680000	-0.056441
5.690000	-0.056553
5.700000	-0.056665
5.710000	-0.056778
5.720000	-0.056891
5.730000	-0.057004
5.740000	-0.057118
5.750000	-0.057233
5.760000	-0.057347
5.770000	-0.057463
5.780000	-0.057578
5.790000	-0.057694
5.800000	-0.057811
5.810000	-0.057927
5.820000	-0.058045
5.830000	-0.058162
5.840000	-0.058280
5.850000	-0.058399
5.860000	-0.058518
5.870000	-0.058637
5.880000	-0.058757
5.890000	-0.058877
5.900000	-0.058997
5.910000	-0.059118
5.920000	-0.059240
5.930000	-0.059362
5.940000	-0.059484
5.950000	-0.059606
5.960000	-0.059730
5.970000	-0.059853
5.980000	-0.059977
5.990000	-0.060101
6.000000	-0.060226
6.010000	-0.059607
6.020000	-0.058994
6.030000	-0.058387
6.040000	-0.057786
6.050000	-0.057192
6.060000	-0.056603
6.070000	-0.056021
6.080000	-0.055445
6.090000	-0.054874
6.100000	-0.054310
6.110000	-0.053751
6.120000	-0.053198
6.130000	-0.052651
6.140000	-0.052109
6.150000	-0.051573
6.160000	-0.051043
6.170000	-0.050518
6.180000	-0.049998
6.190000	-0.049484
6.200000	-0.048975
6.210000	-0.048471
6.220000	-0.047972
6.230000	-0.047479
6.240000	-0.046990
6.250000	-0.046507
6.260000	-0.046029
6.270000	-0.045555
6.280000	-0.045086
6.290000	-0.044623
6.300000	-0.044164
6.310000	-0.043709
6.320000	-0.043260
6.330000	-0.042815
6.340000	-0.042374
6.350000	-0.041938
6.360000	-0.041507
6.370000	-0.041080
6.380000	-0.040657
6.390000	-0.040239
6.400000	-0.039825
6.410000	-0.039415
6.420000	-0.039010
6.430000	-0.038609
6.440000	-0.038212
6.450000	-0.037818
6.460000	-0.037429
6.470000	-0.037044
6.480000	-0.036663
6.490000	-0.036286
6.500000	-0.035913
6.510000	-0.035543
6.520000	-0.035178
6.530000	-0.034816
6.540000	-0.034458
6.550000	-0.034103
6.560000	-0.033753
6.570000	-0.033405
6.580000	-0.033062
6.590000	-0.032722
6.600000	-0.032385
6.610000	-0.032052
6.620000	-0.031722
6.630000	-0.031396
6.640000	-0.031073
6.650000	-0.030753
6.660000	-0.030437
6.670000	-0.030124
6.680000	-0.029814
6.690000	-0.029507
6.700000	-0.029204
6.710000	-0.028903
6.720000	-0.028606
6.730000	-0.028312
6.740000	-0.028020
6.750000	-0.027732
6.760000	-0.027447
6.770000	-0.027164
6.780000	-0.026885
6.790000	-0.026608
6.800000	-0.026335
6.810000	-0.026064
6.820000	-0.025796
6.830000	-0.025530
6.840000	-0.025268
6.850000	-0.025008
6.860000	-0.024751
6.870000	-0.024496
6.880000	-0.024244
6.890000	-0.023995
6.900000	-0.023748
6.910000	-0.023503
6.920000	-0.023262
6.930000	-0.023022
6.940000	-0.022786
6.950000	-0.022551
6.960000	-0.022319
6.970000	-0.022090
6.980000	-0.021862
6.990000	-0.021637
7.000000	-0.021415
7.010000	-0.021195
7.020000	-0.020977
7.030000	-0.020761
7.040000	-0.020547
7.050000	-0.020336
7.060000	-0.020127
7.070000	-0.019920
7.080000	-0.019715
7.090000	-0.019512
7.100000	-0.019311
7.110000	-0.019112
7.120000	-0.018916
7.130000	-0.018721
7.140000	-0.018529
7.150000	-0.018338
7.160000	-0.018149
7.170000	-0.017963
7.180000	-0.017778
7.190000	-0.017595
7.200000	-0.017414
7.210000	-0.017235
7.220000	-0.017058
7.230000	-0.016882
7.240000	-0.016709
7.250000	-0.016537
7.260000	-0.016367
7.270000	-0.016198
7.280000	-0.016032
7.290000	-0.015867
7.300000	-0.015703
7.310000	-0.015542
7.320000	-0.015382
7.330000	-0.015224
7.340000	-0.015067
7.350000	-0.014912
7.360000	-0.014759
7.370000	-0.014607
7.380000	-0.014457
7.390000	-0.014308
7.400000	-0.014161
7.410000	-0.014015
7.420000	-0.013871
7.430000	-0.013728
7.440000	-0.013587
7.450000	-0.013447
7.460000	-0.013309
7.470000	-0.013172
7.480000	-0.013037
7.490000	-0.012902
7.500000	-0.012770
7.510000	-0.012638
7.520000	-0.012508
7.530000	-0.012380
7.540000	-0.012252
7.550000	-0.012126
7.560000	-0.012002
7.570000	-0.011878
7.580000	-0.011756
7.590000	-0.011635
7.600000	-0.011515
7.610000	-0.011397
7.620000	-0.011280
7.630000	-0.011164
7.640000	-0.011049
7.650000	-0.010935
7.660000	-0.010823
7.670000	-0.010711
7.680000	-0.010601
7.690000	-0.010492
7.700000	-0.010384
7.710000	-0.010277
7.720000	-0.010171
7.730000	-0.010067
7.740000	-0.009963
7.750000	-0.009861
7.760000	-0.009759
7.770000	-0.009659
7.780000	-0.009560
7.790000	-0.009461
7.800000	-0.009364
7.810000	-0.009268
7.820000	-0.009172
7.830000	-0.009078
7.840000	-0.008985
7.850000	-0.008892
7.860000	-0.008801
7.870000	-0.008710
7.880000	-0.008621
7.890000	-0.008532
7.900000	-0.008444
7.910000	-0.008357
7.920000	-0.008271
7.930000	-0.008186
7.940000	-0.008102
7.950000	-0.008019
7.960000	-0.007936
7.970000	-0.007854
7.980000	-0.007774
7.990000	-0.007694
8.000000	-0.007615
8.010000	-0.007536
8.020000	-0.007459
8.030000	-0.007382
8.040000	-0.007306
8.050000	-0.007231
8.060000	-0.007156
8.070000	-0.007083
8.080000	-0.007010
8.090000	-0.006938
8.100000	-0.006867
8.110000	-0.006796
8.120000	-0.006726
8.130000	-0.006657
8.140000	-0.006588
8.150000	-0.006521
8.160000	-0.006453
8.170000	-0.006387
8.180000	-0.006321
8.190000	-0.006256
8.200000	-0.006192
8.210000	-0.006128
8.220000	-0.006065
8.230000	-0.006003
8.240000	-0.005941
8.250000	-0.005880
8.260000	-0.005820
8.270000	-0.005760
8.280000	-0.005700
8.290000	-0.005642
8.300000	-0.005584
8.310000	-0.005526
8.320000	-0.005469
8.330000	-0.005413
8.340000	-0.005357
8.350000	-0.005302
8.360000	-0.005248
8.370000	-0.005194
8.380000	-0.005140
8.390000	-0.005088
8.400000	-0.005035
8.410000	-0.004983
8.420000	-0.004932
8.430000	-0.004881
8.440000	-0.004831
8.450000	-0.004781
8.460000	-0.004732
8.470000	-0.004684
8.480000	-0.004635
8.490000	-0.004588
8.500000	-0.004541
8.510000	-0.004494
8.520000	-0.004448
8.530000	-0.004402
8.540000	-0.004357
8.550000	-0.004312
8.560000	-0.004267
8.570000	-0.004224
8.580000	-0.004180
8.590000	-0.004137
8.600000	-0.004095
8.610000	-0.004052
8.620000	-0.004011
8.630000	-0.003969
8.640000	-0.003929
8.650000	-0.003888
8.660000	-0.003848
8.670000	-0.003809
8.680000	-0.003769
8.690000	-0.003731
8.700000	-0.003692
8.710000	-0.003654
8.720000	-0.003617
8.730000	-0.003580
8.740000	-0.003543
8.750000	-0.003506
8.760000	-0.003470
8.770000	-0.003434
8.780000	-0.003399
8.790000	-0.003364
8.800000	-0.003330
8.810000	-0.003295
8.820000	-0.003261
8.830000	-0.003228
8.840000	-0.003195
8.850000	-0.003162
8.860000	-0.003129
8.870000	-0.003097
8.880000	-0.003065
8.890000	-0.003034
8.900000	-0.003002
8.910000	-0.002972
8.920000	-0.002941
8.930000	-0.002911
8.940000	-0.002881
8.950000	-0.002851
8.960000	-0.002822
8.970000	-0.002793
8.980000	-0.002764
8.990000	-0.002736
9.000000	-0.002708
9.010000	-0.002680
9.020000	-0.002652
9.030000	-0.002625
9.040000	-0.002598
9.050000	-0.002571
9.060000	-0.002545
9.070000	-0.002518
9.080000	-0.002493
9.090000	-0.002467
9.100000	-0.002442
9.110000	-0.002416
9.120000	-0.002392
9.130000	-0.002367
9.140000	-0.002343
9.150000	-0.002319
9.160000	-0.002295
9.170000	-0.002271
9.180000	-0.002248
9.190000	-0.002225
9.200000	-0.002202
9.210000	-0.002179
9.220000	-0.002157
9.230000	-0.002134
9.240000	-0.002113
9.250000	-0.002091
9.260000	-0.002069
9.270000	-0.002048
9.280000	-0.002027
9.290000	-0.002006
9.300000	-0.001985
9.310000	-0.001965
9.320000	-0.001945
9.330000	-0.001925
9.340000	-0.001905
9.350000	-0.001885
9.360000	-0.001866
9.370000	-0.001847
9.380000	-0.001828
9.390000	-0.001809
9.400000	-0.001790
9.410000	-0.001772
9.420000	-0.001754
9.430000	-0.001736
9.440000	-0.001718
9.450000	-0.001700
9.460000	-0.001683
9.470000	-0.001665
9.480000	-0.001648
9.490000	-0.001631
9.500000	-0.001615
9.510000	-0.001598
9.520000	-0.001581
9.530000	-0.001565
9.540000	-0.001549
9.550000	-0.001533
9.560000	-0.001517
9.570000	-0.001502
9.580000	-0.001486
9.590000	-0.001471
9.600000	-0.001456
9.610000	-0.001441
9.620000	-0.001426
9.630000	-0.001411
9.640000	-0.001397
9.650000	-0.001383
9.660000	-0.001368
9.670000	-0.001354
9.680000	-0.001340
9.690000	-0.001327
9.700000	-0.001313
9.710000	-0.001299
9.720000	-0.001286
9.730000	-0.001273
9.740000	-0.001260
9.750000	-0.001247
9.760000	-0.001234
9.770000	-0.001221
9.780000	-0.001209
9.790000	-0.001196
9.800000	-0.001184
9.810000	-0.001172
9.820000	-0.001160
9.830000	-0.001148
9.840000	-0.001136
9.850000	-0.001124
9.860000	-0.001113
9.870000	-0.001101
9.880000	-0.001090
9.890000	-0.001079
9.900000	-0.001068
9.910000	-0.001057
9.920000	-0.001046
9.930000	-0.001035
9.940000	-0.001024
9.950000	-0.001014
9.960000	-0.001003
9.970000	-0.000993
9.980000	-0.000983
9.990000	-0.000973
10.000000	-0.000963
10.010000	-0.000953
10.020000	-0.000943
10.030000	-0.000933
10.040000	-0.000924
10.050000	-0.000914
10.060000	-0.000905
10.070000	-0.000896
10.080000	-0.000886
10.090000	-0.000877
10.100000	-0.000868
10.110000	-0.000859
10.120000	-0.000850
10.130000	-0.000842
10.140000	-0.000833
10.150000	-0.000824
10.160000	-0.000816
10.170000	-0.000808
10.180000	-0.000799
10.190000	-0.000791
10.200000	-0.000783
10.210000	-0.000775
10.220000	-0.000767
10.230000	-0.000759
10.240000	-0.000751
10.250000	-0.000743
10.260000	-0.000736
10.270000	-0.000728
10.280000	-0.000721
10.290000	-0.000713
10.300000	-0.000706
10.310000	-0.000699
10.320000	-0.000692
10.330000	-0.000684
10.340000	-0.000677
10.350000	-0.000670
10.360000	-0.000663
10.370000	-0.000657
10.380000	-0.000650
10.390000	-0.000643
10.400000	-0.000637
10.410000	-0.000630
10.420000	-0.000624
10.430000	-0.000617
10.440000	-0.000611
10.450000	-0.000605
10.460000	-0.000598
10.470000	-0.000592
10.480000	-0.000586
10.490000	-0.000580
10.500000	-0.000574
10.510000	-0.000568
10.520000	-0.000562
10.530000	-0.000557
10.540000	-0.000551
10.550000	-0.000545
10.560000	-0.000540
10.570000	-0.000534
10.580000	-0.000528
10.590000	-0.000523
10.600000	-0.000518
10.610000	-0.000512
10.620000	-0.000507
10.630000	-0.000502
10.640000	-0.000497
10.650000	-0.000492
10.660000	-0.000487
10.670000	-0.000482
10.680000	-0.000477
10.690000	-0.000472
10.700000	-0.000467
10.710000	-0.000462
10.720000	-0.000457
10.730000	-0.000453
10.740000	-0.000448
10.750000	-0.000443
10.760000	-0.000439
10.770000	-0.000434
10.780000	-0.000430
10.790000	-0.000425
10.800000	-0.000421
10.810000	-0.000417
10.820000	-0.000412
10.830000	-0.000408
10.840000	-0.000404
10.850000	-0.000400
10.860000	-0.000396
10.870000	-0.000392
10.880000	-0.000388
10.890000	-0.000384
10.900000	-0.000380
10.910000	-0.000376
10.920000	-0.000372
10.930000	-0.000368
10.940000	-0.000364
10.950000	-0.000360
10.960000	-0.000357
10.970000	-0.000353
10.980000	-0.000349
10.990000	-0.000346
11.000000	-0.000342
11.010000	-0.000339
11.020000	-0.000335
11.030000	-0.000332
11.040000	-0.000328
11.050000	-0.000325
11.060000	-0.000322
11.070000	-0.000318
11.080000	-0.000315
11.090000	-0.000312
11.100000	-0.000309
11.110000	-0.000306
11.120000	-0.000302
11.130000	-0.000299
11.140000	-0.000296
11.150000	-0.000293
11.160000	-0.000290
11.170000	-0.000287
11.180000	-0.000284
11.190000	-0.000281
11.200000	-0.000278
11.210000	-0.000276
11.220000	-0.000273
11.230000	-0.000270
11.240000	-0.000267
11.250000	-0.000264
11.260000	-0.000262
11.270000	-0.000259
11.280000	-0.000256
11.290000	-0.000254
11.300000	-0.000251
11.310000	-0.000248
11.320000	-0.000246
11.330000	-0.000243
11.340000	-0.000241
11.350000	-0.000238
11.360000	-0.000236
11.370000	-0.000233
11.380000	-0.000231
11.390000	-0.000229
11.400000	-0.000226
11.410000	-0.000224
11.420000	-0.000222
11.430000	-0.000219
11.440000	-0.000217
11.450000	-0.000215
11.460000	-0.000213
11.470000	-0.000211
11.480000	-0.000208
11.490000	-0.000206
11.500000	-0.000204
11.510000	-0.000202
11.520000	-0.000200
11.530000	-0.000198
11.540000	-0.000196
11.550000	-0.000194
11.560000	-0.000192
11.570000	-0.000190
11.580000	-0.000188
11.590000	-0.000186
11.600000	-0.000184
11.610000	-0.000182
11.620000	-0.000180
11.630000	-0.000178
11.640000	-0.000177
11.650000	-0.000175
11.660000	-0.000173
11.670000	-0.000171
11.680000	-0.000169
11.690000	-0.000168
11.700000	-0.000166
11.710000	-0.000164
11.720000	-0.000163
11.730000	-0.000161
11.740000	-0.000159
11.750000	-0.000158
11.760000	-0.000156
11.770000	-0.000154
11.780000	-0.000153
11.790000	-0.000151
11.800000	-0.000150
11.810000	-0.000148
11.820000	-0.000147
11.830000	-0.000145
11.840000	-0.000144
11.850000	-0.000142
11.860000	-0.000141
11.870000	-0.000139
11.880000	-0.000138
11.890000	-0.000136
11.900000	-0.000135
11.910000	-0.000134
11.920000	-0.000132
11.930000	-0.000131
11.940000	-0.000130
11.950000	-0.000128
11.960000	-0.000127
11.970000	-0.000126
11.980000	-0.000124
11.990000	-0.000123
12.000000	-0.000122
12.010000	-0.000120
12.020000	-0.000119
12.030000	-0.000118
12.040000	-0.000117
12.050000	-0.000116
12.060000	-0.000114
12.070000	-0.000113
12.080000	-0.000112
12.090000	-0.000111
12.100000	-0.000110
12.110000	-0.000109
12.120000	-0.000108
12.130000	-0.000106
12.140000	-0.000105
12.150000	-0.000104
12.160000	-0.000103
12.170000	-0.000102
12.180000	-0.000101
12.190000	-0.000100
12.200000	-0.000099
12.210000	-0.000098
12.220000	-0.000097
12.230000	-0.000096
12.240000	-0.000095
12.250000	-0.000094
12.260000	-0.000093
12.270000	-0.000092
12.280000	-0.000091
12.290000	-0.000090
12.300000	-0.000089
12.310000	-0.000088
12.320000	-0.000087
12.330000	-0.000087
12.340000	-0.000086
12.350000	-0.000085
12.360000	-0.000084
12.370000	-0.000083
12.380000	-0.000082
12.390000	-0.000081
12.400000	-0.000080
12.410000	-0.000080
12.420000	-0.000079
12.430000	-0.000078
12.440000	-0.000077
12.450000	-0.000076
12.460000	-0.000076
12.470000	-0.000075
12.480000	-0.000074
12.490000	-0.000073
12.500000	-0.000073
12.510000	-0.000072
12.520000	-0.000071
12.530000	-0.000070
12.540000	-0.000070
12.550000	-0.000069
12.560000	-0.000068
12.570000	-0.000068
12.580000	-0.000067
12.590000	-0.000066
12.600000	-0.000065
12.610000	-0.000065
12.620000	-0.000064
12.630000	-0.000063
12.640000	-0.000063
12.650000	-0.000062
12.660000	-0.000062
12.670000	-0.000061
12.680000	-0.000060
12.690000	-0.000060
12.700000	-0.000059
12.710000	-0.000058
12.720000	-0.000058
12.730000	-0.000057
12.740000	-0.000057
12.750000	-0.000056
12.760000	-0.000055
12.770000	-0.000055
12.780000	-0.000054
12.790000	-0.000054
12.800000	-0.000053
12.810000	-0.000053
12.820000	-0.000052
12.830000	-0.000052
12.840000	-0.000051
12.850000	-0.000051
12.860000	-0.000050
12.870000	-0.000050
12.880000	-0.000049
12.890000	-0.000048
12.900000	-0.000048
12.910000	-0.000048
12.920000	-0.000047
12.930000	-0.000047
12.940000	-0.000046
12.950000	-0.000046
12.960000	-0.000045
12.970000	-0.000045
12.980000	-0.000044
12.990000	-0.000044
13.000000	-0.000043
13.010000	-0.000043
13.020000	-0.000042
13.030000	-0.000042
13.040000	-0.000042
13.050000	-0.000041
13.060000	-0.000041
13.070000	-0.000040
13.080000	-0.000040
13.090000	-0.000039
13.100000	-0.000039
13.110000	-0.000039
13.120000	-0.000038
13.130000	-0.000038
13.140000	-0.000037
13.150000	-0.000037
13.160000	-0.000037
13.170000	-0.000036
13.180000	-0.000036
13.190000	-0.000036
13.200000	-0.000035
13.210000	-0.000035
13.220000	-0.000034
13.230000	-0.000034
13.240000	-0.000034
13.250000	-0.000033
13.260000	-0.000033
13.270000	-0.000033
13.280000	-0.000032
13.290000	-0.000032
13.300000	-0.000032
13.310000	-0.000031
13.320000	-0.000031
13.330000	-0.000031
13.340000	-0.000030
13.350000	-0.000030
13.360000	-0.000030
13.370000	-0.000030
13.380000	-0.000029
13.390000	-0.000029
13.400000	-0.000029
13.410000	-0.000028
13.420000	-0.000028
13.430000	-0.000028
13.440000	-0.000027
13.450000	-0.000027
13.460000	-0.000027
13.470000	-0.000027
13.480000	-0.000026
13.490000	-0.000026
13.500000	-0.000026
13.510000	-0.000026
13.520000	-0.000025
13.530000	-0.000025
13.540000	-0.000025
13.550000	-0.000025
13.560000	-0.000024
13.570000	-0.000024
13.580000	-0.000024
13.590000	-0.000024
13.600000	-0.000023
13.610000	-0.000023
13.620000	-0.000023
13.630000	-0.000023
13.640000	-0.000022
13.650000	-0.000022
13.660000	-0.000022
13.670000	-0.000022
13.680000	-0.000021
13.690000	-0.000021
13.700000	-0.000021
13.710000	-0.000021
13.720000	-0.000021
13.730000	-0.000020
13.740000	-0.000020
13.750000	-0.000020
13.760000	-0.000020
13.770000	-0.000020
13.780000	-0.000019
13.790000	-0.000019
13.800000	-0.000019
13.810000	-0.000019
13.820000	-0.000019
13.830000	-0.000018
13.840000	-0.000018
13.850000	-0.000018
13.860000	-0.000018
13.870000	-0.000018
13.880000	-0.000017
13.890000	-0.000017
13.900000	-0.000017
13.910000	-0.000017
13.920000	-0.000017
13.930000	-0.000017
13.940000	-0.000016
13.950000	-0.000016
13.960000	-0.000016
13.970000	-0.000016
13.980000	-0.000016
13.990000	-0.000016
14.000000	-0.000015
14.010000	-0.000015
14.020000	-0.000015
14.030000	-0.000015
14.040000	-0.000015
14.050000	-0.000015
14.060000	-0.000014
14.070000	-0.000014
14.080000	-0.000014
14.090000	-0.000014
14.100000	-0.000014
14.110000	-0.000014
14.120000	-0.000014
14.130000	-0.000013
14.140000	-0.000013
14.150000	-0.000013
14.160000	-0.000013
14.170000	-0.000013
14.180000	-0.000013
14.190000	-0.000013
14.200000	-0.000013
14.210000	-0.000012
14.220000	-0.000012
14.230000	-0.000012
14.240000	-0.000012
14.250000	-0.000012
14.260000	-0.000012
14.270000	-0.000012
14.280000	-0.000012
14.290000	-0.000011
14.300000	-0.000011
14.310000	-0.000011
14.320000	-0.000011
14.330000	-0.000011
14.340000	-0.000011
14.350000	-0.000011
14.360000	-0.000011
14.370000	-0.000010
14.380000	-0.000010
14.390000	-0.000010
14.400000	-0.000010
14.410000	-0.000010
14.420000	-0.000010
14.430000	-0.000010
14.440000	-0.000010
14.450000	-0.000010
14.460000	-0.000010
14.470000	-0.000009
14.480000	-0.000009
14.490000	-0.000009
14.500000	-0.000009
14.510000	-0.000009
14.520000	-0.000009
14.530000	-0.000009
14.540000	-0.000009
14.550000	-0.000009
14.560000	-0.000009
14.570000	-0.000009
14.580000	-0.000008
14.590000	-0.000008
14.600000	-0.000008
14.610000	-0.000008
14.620000	-0.000008
14.630000	-0.000008
14.640000	-0.000008
14.650000	-0.000008
14.660000	-0.000008
14.670000	-0.000008
14.680000	-0.000008
14.690000	-0.000008
14.700000	-0.000007
14.710000	-0.000007
14.720000	-0.000007
14.730000	-0.000007
14.740000	-0.000007
14.750000	-0.000007
14.760000	-0.000007
14.770000	-0.000007
14.780000	-0.000007
14.790000	-0.000007
14.800000	-0.000007
14.810000	-0.000007
14.820000	-0.000007
14.830000	-0.000007
14.840000	-0.000006
14.850000	-0.000006
14.860000	-0.000006
14.870000	-0.000006
14.880000	-0.000006
14.890000	-0.000006
14.900000	-0.000006
14.910000	-0.000006
14.920000	-0.000006
14.930000	-0.000006
14.940000	-0.000006
14.950000	-0.000006
14.960000	-0.000006
14.970000	-0.000006
14.980000	-0.000006
14.990000	-0.000006
15.000000	-0.000005
