-10.000000	-0.235057
-9.990000	-0.235056
-9.980000	-0.235056
-9.970000	-0.235056
-9.960000	-0.235056
-9.950000	-0.235056
-9.940000	-0.235056
-9.930000	-0.235056
-9.920000	-0.235056
-9.910000	-0.235056
-9.900000	-0.235056
-9.890000	-0.235056
-9.880000	-0.235056
-9.870000	-0.235056
-9.860000	-0.235056
-9.850000	-0.235056
-9.840000	-0.235056
-9.830000	-0.235056
-9.820000	-0.235056
-9.810000	-0.235056
-9.800000	-0.235056
-9.790000	-0.235056
-9.780000	-0.235056
-9.770000	-0.235056
-9.760000	-0.235055
-9.750000	-0.235055
-9.740000	-0.235055
-9.730000	-0.235055
-9.720000	-0.235055
-9.710000	-0.235055
-9.700000	-0.235055
-9.690000	-0.235055
-9.680000	-0.235055
-9.670000	-0.235055
-9.660000	-0.235055
-9.650000	-0.235055
-9.640000	-0.235055
-9.630000	-0.235055
-9.620000	-0.235055
-9.610000	-0.235055
-9.600000	-0.235055
-9.590000	-0.235055
-9.580000	-0.235054
-9.570000	-0.235054
-9.560000	-0.235054
-9.550000	-0.235054
-9.540000	-0.235054
-9.530000	-0.235054
-9.520000	-0.235054
-9.510000	-0.235054
-9.500000	-0.235054
-9.490000	-0.235054
-9.480000	-0.235054
-9.470000	-0.235054
-9.460000	-0.235054
-9.450000	-0.235054
-9.440000	-0.235054
-9.430000	-0.235053
-9.420000	-0.235053
-9.410000	-0.235053
-9.400000	-0.235053
-9.390000	-0.235053
-9.380000	-0.235053
-9.370000	-0.235053
-9.360000	-0.235053
-9.350000	-0.235053
-9.340000	-0.235053
-9.330000	-0.235053
-9.320000	-0.235053
-9.310000	-0.235053
-9.300000	-0.235052
-9.290000	-0.235052
-9.280000	-0.235052
-9.270000	-0.235052
-9.260000	-0.235052
-9.250000	-0.235052
-9.240000	-0.235052
-9.230000	-0.235052
-9.220000	-0.235052
-9.210000	-0.235052
-9.200000	-0.235052
-9.190000	-0.235052
-9.180000	-0.235051
-9.170000	-0.235051
-9.160000	-0.235051
-9.150000	-0.235051
-9.140000	-0.235051
-9.130000	-0.235051
-9.120000	-0.235051
-9.110000	-0.235051
-9.100000	-0.235051
-9.090000	-0.235051
-9.080000	-0.235050
-9.070000	-0.235050
-9.060000	-0.235050
-9.050000	-0.235050
-9.040000	-0.235050
-9.030000	-0.235050
-9.020000	-0.235050
-9.010000	-0.235050
-9.000000	-0.235050
-8.990000	-0.235049
-8.980000	-0.235049
-8.970000	-0.235049
-8.960000	-0.235049
-8.950000	-0.235049
-8.940000	-0.235049
-8.930000	-0.235049
-8.920000	-0.235049
-8.910000	-0.235049
-8.900000	-0.235048
-8.890000	-0.235048
-8.880000	-0.235048
-8.870000	-0.235048
-8.860000	-0.235048
-8.850000	-0.235048
-8.840000	-0.235048
-8.830000	-0.235048
-8.820000	-0.235047
-8.810000	-0.235047
-8.800000	-0.235047
-8.790000	-0.235047
-8.780000	-0.235047
-8.770000	-0.235047
-8.760000	-0.235047
-8.750000	-0.235046
-8.740000	-0.235046
-8.730000	-0.235046
-8.720000	-0.235046
-8.710000	-0.235046
-8.700000	-0.235046
-8.690000	-0.235046
-8.680000	-0.235045
-8.670000	-0.235045
-8.660000	-0.235045
-8.650000	-0.235045
-8.640000	-0.235045
-8.630000	-0.235045
-8.620000	-0.235044
-8.610000	-0.235044
-8.600000	-0.235044
-8.590000	-0.235044
-8.580000	-0.235044
-8.570000	-0.235044
-8.560000	-0.235043
-8.550000	-0.235043
-8.540000	-0.235043
-8.530000	-0.235043
-8.520000	-0.235043
-8.510000	-0.235042
-8.500000	-0.235042
-8.490000	-0.235042
-8.480000	-0.235042
-8.470000	-0.235042
-8.460000	-0.235042
-8.450000	-0.235041
-8.440000	-0.235041
-8.430000	-0.235041
-8.420000	-0.235041
-8.410000	-0.235041
-8.400000	-0.235040
-8.390000	-0.235040
-8.380000	-0.235040
-8.370000	-0.235040
-8.360000	-0.235039
-8.350000	-0.235039
-8.340000	-0.235039
-8.330000	-0.235039
-8.320000	-0.235039
-8.310000	-0.235038
-8.300000	-0.235038
-8.290000	-0.235038
-8.280000	-0.235038
-8.270000	-0.235037
-8.260000	-0.235037
-8.250000	-0.235037
-8.240000	-0.235037
-8.230000	-0.235036
-8.220000	-0.235036
-8.210000	-0.235036
-8.200000	-0.235036
-8.190000	-0.235035
-8.180000	-0.235035
-8.170000	-0.235035
-8.160000	-0.235035
-8.150000	-0.235034
-8.140000	-0.235034
-8.130000	-0.235034
-8.120000	-0.235034
-8.110000	-0.235033
-8.100000	-0.235033
-8.090000	-0.235033
-8.080000	-0.235032
-8.070000	-0.235032
-8.060000	-0.235032
-8.050000	-0.235032
-8.040000	-0.235031
-8.030000	-0.235031
-8.020000	-0.235031
-8.010000	-0.235030
-8.000000	-0.235030
-7.990000	-0.235030
-7.980000	-0.235029
-7.970000	-0.235029
-7.960000	-0.235029
-7.950000	-0.235028
-7.940000	-0.235028
-7.930000	-0.235028
-7.920000	-0.235027
-7.910000	-0.235027
-7.900000	-0.235027
-7.890000	-0.235026
-7.880000	-0.235026
-7.870000	-0.235026
-7.860000	-0.235025
-7.850000	-0.235025
-7.840000	-0.235025
-7.830000	-0.235024
-7.820000	-0.235024
-7.810000	-0.235023
-7.800000	-0.235023
-7.790000	-0.235023
-7.780000	-0.235022
-7.770000	-0.235022
-7.760000	-0.235022
-7.750000	-0.235021
-7.740000	-0.235021
-7.730000	-0.235020
-7.720000	-0.235020
-7.710000	-0.235019
-7.700000	-0.235019
-7.690000	-0.235019
-7.680000	-0.235018
-7.670000	-0.235018
-7.660000	-0.235017
-7.650000	-0.235017
-7.640000	-0.235016
-7.630000	-0.235016
-7.620000	-0.235015
-7.610000	-0.235015
-7.600000	-0.235015
-7.590000	-0.235014
-7.580000	-0.235014
-7.570000	-0.235013
-7.560000	-0.235013
-7.550000	-0.235012
-7.540000	-0.235012
-7.530000	-0.235011
-7.520000	-0.235011
-7.510000	-0.235010
-7.500000	-0.235010
-7.490000	-0.235009
-7.480000	-0.235008
-7.470000	-0.235008
-7.460000	-0.235007
-7.450000	-0.235007
-7.440000	-0.235006
-7.430000	-0.235006
-7.420000	-0.235005
-7.410000	-0.235005
-7.400000	-0.235004
-7.390000	-0.235003
-7.380000	-0.235003
-7.370000	-0.235002
-7.360000	-0.235002
-7.350000	-0.235001
-7.340000	-0.235000
-7.330000	-0.235000
-7.320000	-0.234999
-7.310000	-0.234998
-7.300000	-0.234998
-7.290000	-0.234997
-7.280000	-0.234997
-7.270000	-0.234996
-7.260000	-0.234995
-7.250000	-0.234995
-7.240000	-0.234994
-7.230000	-0.234993
-7.220000	-0.234992
-7.210000	-0.234992
-7.200000	-0.234991
-7.190000	-0.234990
-7.180000	-0.234990
-7.170000	-0.234989
-7.160000	-0.234988
-7.150000	-0.234987
-7.140000	-0.234987
-7.130000	-0.234986
-7.120000	-0.234985
-7.110000	-0.234984
-7.100000	-0.234983
-7.090000	-0.234983
-7.080000	-0.234982
-7.070000	-0.234981
-7.060000	-0.234980
-7.050000	-0.234979
-7.040000	-0.234979
-7.030000	-0.234978
-7.020000	-0.234977
-7.010000	-0.234976
-7.000000	-0.234975
-6.990000	-0.234974
-6.980000	-0.234973
-6.970000	-0.234972
-6.960000	-0.234972
-6.950000	-0.234971
-6.940000	-0.234970
-6.930000	-0.234969
-6.920000	-0.234968
-6.910000	-0.234967
-6.900000	-0.234966
-6.890000	-0.234965
-6.880000	-0.234964
-6.870000	-0.234963
-6.860000	-0.234962
-6.850000	-0.234961
-6.840000	-0.234960
-6.830000	-0.234959
-6.820000	-0.234958
-6.810000	-0.234957
-6.800000	-0.234956
-6.790000	-0.234954
-6.780000	-0.234953
-6.770000	-0.234952
-6.760000	-0.234951
-6.750000	-0.234950
-6.740000	-0.234949
-6.730000	-0.234948
-6.720000	-0.234946
-6.710000	-0.234945
-6.700000	-0.234944
-6.690000	-0.234943
-6.680000	-0.234942
-6.670000	-0.234940
-6.660000	-0.234939
-6.650000	-0.234938
-6.640000	-0.234937
-6.630000	-0.234935
-6.620000	-0.234934
-6.610000	-0.234933
-6.600000	-0.234931
-6.590000	-0.234930
-6.580000	-0.234929
-6.570000	-0.234927
-6.560000	-0.234926
-6.550000	-0.234925
-6.540000	-0.234923
-6.530000	-0.234922
-6.520000	-0.234920
-6.510000	-0.234919
-6.500000	-0.234917
-6.490000	-0.234916
-6.480000	-0.234914
-6.470000	-0.234913
-6.460000	-0.234911
-6.450000	-0.234910
-6.440000	-0.234908
-6.430000	-0.234907
-6.420000	-0.234905
-6.410000	-0.234903
-6.400000	-0.234902
-6.390000	-0.234900
-6.380000	-0.234899
-6.370000	-0.234897
-6.360000	-0.234895
-6.350000	-0.234893
-6.340000	-0.234892
-6.330000	-0.234890
-6.320000	-0.234888
-6.310000	-0.234886
-6.300000	-0.234885
-6.290000	-0.234883
-6.280000	-0.234881
-6.270000	-0.234879
-6.260000	-0.234877
-6.250000	-0.234875
-6.240000	-0.234873
-6.230000	-0.234871
-6.220000	-0.234869
-6.210000	-0.234867
-6.200000	-0.234865
-6.190000	-0.234863
-6.180000	-0.234861
-6.170000	-0.234859
-6.160000	-0.234857
-6.150000	-0.234855
-6.140000	-0.234853
-6.130000	-0.234851
-6.120000	-0.234849
-6.110000	-0.234846
-6.100000	-0.234844
-6.090000	-0.234842
-6.080000	-0.234840
-6.070000	-0.234837
-6.060000	-0.234835
-6.050000	-0.234833
-6.040000	-0.234830
-6.030000	-0.234828
-6.020000	-0.234826
-6.010000	-0.234823
-6.000000	-0.234821
-5.990000	-0.234818
-5.980000	-0.234816
-5.970000	-0.234813
-5.960000	-0.234811
-5.950000	-0.234808
-5.940000	-0.234805
-5.930000	-0.234803
-5.920000	-0.234800
-5.910000	-0.234797
-5.900000	-0.234795
-5.890000	-0.234792
-5.880000	-0.234789
-5.870000	-0.234786
-5.860000	-0.234783
-5.850000	-0.234780
-5.840000	-0.234777
-5.830000	-0.234775
-5.820000	-0.234772
-5.810000	-0.234769
-5.800000	-0.234766
-5.790000	-0.234762
-5.780000	-0.234759
-5.770000	-0.234756
-5.760000	-0.234753
-5.750000	-0.234750
-5.740000	-0.234747
-5.730000	-0.234743
-5.720000	-0.234740
-5.710000	-0.234737
-5.700000	-0.234733
-5.690000	-0.234730
-5.680000	-0.234727
-5.670000	-0.234723
-5.660000	-0.234720
-5.650000	-0.234716
-5.640000	-0.234713
-5.630000	-0.234709
-5.620000	-0.234705
-5.610000	-0.234702
-5.600000	-0.234698
-5.590000	-0.234694
-5.580000	-0.234690
-5.570000	-0.234686
-5.560000	-0.234683
-5.550000	-0.234679
-5.540000	-0.234675
-5.530000	-0.234671
-5.520000	-0.234667
-5.510000	-0.234662
-5.500000	-0.234658
-5.490000	-0.234654
-5.480000	-0.234650
-5.470000	-0.234646
-5.460000	-0.234641
-5.450000	-0.234637
-5.440000	-0.234633
-5.430000	-0.234628
-5.420000	-0.234624
-5.410000	-0.234619
-5.400000	-0.234615
-5.390000	-0.234610
-5.380000	-0.234605
-5.370000	-0.234600
-5.360000	-0.234596
-5.350000	-0.234591
-5.340000	-0.234586
-5.330000	-0.234581
-5.320000	-0.234576
-5.310000	-0.234571
-5.300000	-0.234566
-5.290000	-0.234561
-5.280000	-0.234556
-5.270000	-0.234550
-5.260000	-0.234545
-5.250000	-0.234540
-5.240000	-0.234534
-5.230000	-0.234529
-5.220000	-0.234523
-5.210000	-0.234518
-5.200000	-0.234512
-5.190000	-0.234506
-5.180000	-0.234501
-5.170000	-0.234495
-5.160000	-0.234489
-5.150000	-0.234483
-5.140000	-0.234477
-5.130000	-0.234471
-5.120000	-0.234465
-5.110000	-0.234459
-5.100000	-0.234452
-5.090000	-0.234446
-5.080000	-0.234440
-5.070000	-0.234433
-5.060000	-0.234427
-5.050000	-0.234420
-5.040000	-0.234413
-5.030000	-0.234407
-5.020000	-0.234400
-5.010000	-0.234393
-5.000000	-0.234386
-4.990000	-0.234379
-4.980000	-0.234372
-4.970000	-0.234365
-4.960000	-0.234358
-4.950000	-0.234350
-4.940000	-0.234343
-4.930000	-0.234336
-4.920000	-0.234328
-4.910000	-0.234320
-4.900000	-0.234313
-4.890000	-0.234305
-4.880000	-0.234297
-4.870000	-0.234289
-4.860000	-0.234281
-4.850000	-0.234273
-4.840000	-0.234265
-4.830000	-0.234257
-4.820000	-0.234248
-4.810000	-0.234240
-4.800000	-0.234231
-4.790000	-0.234223
-4.780000	-0.234214
-4.770000	-0.234205
-4.760000	-0.234196
-4.750000	-0.234187
-4.740000	-0.234178
-4.730000	-0.234169
-4.720000	-0.234160
-4.710000	-0.234150
-4.700000	-0.234141
-4.690000	-0.234131
-4.680000	-0.234122
-4.670000	-0.234112
-4.660000	-0.234102
-4.650000	-0.234092
-4.640000	-0.234082
-4.630000	-0.234072
-4.620000	-0.234062
-4.610000	-0.234051
-4.600000	-0.234041
-4.590000	-0.234030
-4.580000	-0.234019
-4.570000	-0.234009
-4.560000	-0.233998
-4.550000	-0.233987
-4.540000	-0.233975
-4.530000	-0.233964
-4.520000	-0.233953
-4.510000	-0.233941
-4.500000	-0.233930
-4.490000	-0.233918
-4.480000	-0.233906
-4.470000	-0.233894
-4.460000	-0.233882
-4.450000	-0.233870
-4.440000	-0.233857
-4.430000	-0.233845
-4.420000	-0.233832
-4.410000	-0.233819
-4.400000	-0.233806
-4.390000	-0.233793
-4.380000	-0.233780
-4.370000	-0.233767
-4.360000	-0.233754
-4.350000	-0.233740
-4.340000	-0.233726
-4.330000	-0.233712
-4.320000	-0.233698
-4.310000	-0.233684
-4.300000	-0.233670
-4.290000	-0.233655
-4.280000	-0.233641
-4.270000	-0.233626
-4.260000	-0.233611
-4.250000	-0.233596
-4.240000	-0.233581
-4.230000	-0.233566
-4.220000	-0.233550
-4.210000	-0.233534
-4.200000	-0.233518
-4.190000	-0.233502
-4.180000	-0.233486
-4.170000	-0.233470
-4.160000	-0.233453
-4.150000	-0.233437
-4.140000	-0.233420
-4.130000	-0.233403
-4.120000	-0.233385
-4.110000	-0.233368
-4.100000	-0.233350
-4.090000	-0.233333
-4.080000	-0.233315
-4.070000	-0.233297
-4.060000	-0.233278
-4.050000	-0.233260
-4.040000	-0.233241
-4.030000	-0.233222
-4.020000	-0.233203
-4.010000	-0.233184
-4.000000	-0.233164
-3.990000	-0.233144
-3.980000	-0.233125
-3.970000	-0.233104
-3.960000	-0.233084
-3.950000	-0.233064
-3.940000	-0.233043
-3.930000	-0.233022
-3.920000	-0.233001
-3.910000	-0.232979
-3.900000	-0.232958
-3.890000	-0.232936
-3.880000	-0.232914
-3.870000	-0.232891
-3.860000	-0.232869
-3.850000	-0.232846
-3.840000	-0.232823
-3.830000	-0.232800
-3.820000	-0.232776
-3.810000	-0.232753
-3.800000	-0.232729
-3.790000	-0.232704
-3.780000	-0.232680
-3.770000	-0.232655
-3.760000	-0.232630
-3.750000	-0.232605
-3.740000	-0.232579
-3.730000	-0.232554
-3.720000	-0.232527
-3.710000	-0.232501
-3.700000	-0.232475
-3.690000	-0.232448
-3.680000	-0.232420
-3.670000	-0.232393
-3.660000	-0.232365
-3.650000	-0.232337
-3.640000	-0.232309
-3.630000	-0.232280
-3.620000	-0.232252
-3.610000	-0.232222
-3.600000	-0.232193
-3.590000	-0.232163
-3.580000	-0.232133
-3.570000	-0.232102
-3.560000	-0.232072
-3.550000	-0.232041
-3.540000	-0.232009
-3.530000	-0.231978
-3.520000	-0.231946
-3.510000	-0.231913
-3.500000	-0.231880
-3.490000	-0.231847
-3.480000	-0.231814
-3.470000	-0.231780
-3.460000	-0.231746
-3.450000	-0.231712
-3.440000	-0.231677
-3.430000	-0.231642
-3.420000	-0.231606
-3.410000	-0.231570
-3.400000	-0.231534
-3.390000	-0.231497
-3.380000	-0.231460
-3.370000	-0.231423
-3.360000	-0.231385
-3.350000	-0.231347
-3.340000	-0.231308
-3.330000	-0.231269
-3.320000	-0.231230
-3.310000	-0.231190
-3.300000	-0.231150
-3.290000	-0.231109
-3.280000	-0.231068
-3.270000	-0.231027
-3.260000	-0.230985
-3.250000	-0.230942
-3.240000	-0.230900
-3.230000	-0.230856
-3.220000	-0.230813
-3.210000	-0.230769
-3.200000	-0.230724
-3.190000	-0.230679
-3.180000	-0.230633
-3.170000	-0.230587
-3.160000	-0.230541
-3.150000	-0.230494
-3.140000	-0.230446
-3.130000	-0.230398
-3.120000	-0.230350
-3.110000	-0.230301
-3.100000	-0.230251
-3.090000	-0.230202
-3.080000	-0.230151
-3.070000	-0.230100
-3.060000	-0.230048
-3.050000	-0.229996
-3.040000	-0.229944
-3.030000	-0.229891
-3.020000	-0.229837
-3.010000	-0.229782
-3.000000	-0.229728
-2.990000	-0.229672
-2.980000	-0.229616
-2.970000	-0.229560
-2.960000	-0.229502
-2.950000	-0.229445
-2.940000	-0.229386
-2.930000	-0.229327
-2.920000	-0.229268
-2.910000	-0.229208
-2.900000	-0.229147
-2.890000	-0.229085
-2.880000	-0.229023
-2.870000	-0.228960
-2.860000	-0.228897
-2.850000	-0.228833
-2.840000	-0.228768
-2.830000	-0.228703
-2.820000	-0.228637
-2.810000	-0.228570
-2.800000	-0.228502
-2.790000	-0.228434
-2.780000	-0.228365
-2.770000	-0.228296
-2.760000	-0.228226
-2.750000	-0.228154
-2.740000	-0.228083
-2.730000	-0.228010
-2.720000	-0.227937
-2.710000	-0.227863
-2.700000	-0.227788
-2.690000	-0.227712
-2.680000	-0.227636
-2.670000	-0.227559
-2.660000	-0.227481
-2.650000	-0.227402
-2.640000	-0.227323
-2.630000	-0.227242
-2.620000	-0.227161
-2.610000	-0.227079
-2.600000	-0.226996
-2.590000	-0.226912
-2.580000	-0.226827
-2.570000	-0.226742
-2.560000	-0.226655
-2.550000	-0.226568
-2.540000	-0.226480
-2.530000	-0.226390
-2.520000	-0.226300
-2.510000	-0.226209
-2.500000	-0.226117
-2.490000	-0.226024
-2.480000	-0.225930
-2.470000	-0.225836
-2.460000	-0.225740
-2.450000	-0.225643
-2.440000	-0.225545
-2.430000	-0.225446
-2.420000	-0.225346
-2.410000	-0.225245
-2.400000	-0.225143
-2.390000	-0.225040
-2.380000	-0.224936
-2.370000	-0.224831
-2.360000	-0.224724
-2.350000	-0.224617
-2.340000	-0.224508
-2.330000	-0.224399
-2.320000	-0.224288
-2.310000	-0.224176
-2.300000	-0.224063
-2.290000	-0.223948
-2.280000	-0.223833
-2.270000	-0.223716
-2.260000	-0.223598
-2.250000	-0.223479
-2.240000	-0.223359
-2.230000	-0.223237
-2.220000	-0.223114
-2.210000	-0.222990
-2.200000	-0.222865
-2.190000	-0.222738
-2.180000	-0.222610
-2.170000	-0.222480
-2.160000	-0.222350
-2.150000	-0.222218
-2.140000	-0.222084
-2.130000	-0.221949
-2.120000	-0.221813
-2.110000	-0.221675
-2.100000	-0.221536
-2.090000	-0.221396
-2.080000	-0.221253
-2.070000	-0.221110
-2.060000	-0.220965
-2.050000	-0.220818
-2.040000	-0.220670
-2.030000	-0.220521
-2.020000	-0.220370
-2.010000	-0.220217
-2.000000	-0.220063
-1.990000	-0.219907
-1.980000	-0.219749
-1.970000	-0.219590
-1.960000	-0.219429
-1.950000	-0.219267
-1.940000	-0.219103
-1.930000	-0.218937
-1.920000	-0.218769
-1.910000	-0.218600
-1.900000	-0.218429
-1.890000	-0.218256
-1.880000	-0.218081
-1.870000	-0.217905
-1.860000	-0.217727
-1.850000	-0.217547
-1.840000	-0.217364
-1.830000	-0.217181
-1.820000	-0.216995
-1.810000	-0.216807
-1.800000	-0.216617
-1.790000	-0.216426
-1.780000	-0.216232
-1.770000	-0.216036
-1.760000	-0.215838
-1.750000	-0.215639
-1.740000	-0.215437
-1.730000	-0.215233
-1.720000	-0.215027
-1.710000	-0.214818
-1.700000	-0.214608
-1.690000	-0.214395
-1.680000	-0.214181
-1.670000	-0.213964
-1.660000	-0.213744
-1.650000	-0.213523
-1.640000	-0.213299
-1.630000	-0.213073
-1.620000	-0.212844
-1.610000	-0.212613
-1.600000	-0.212380
-1.590000	-0.212144
-1.580000	-0.211906
-1.570000	-0.211665
-1.560000	-0.211422
-1.550000	-0.211177
-1.540000	-0.210928
-1.530000	-0.210678
-1.520000	-0.210424
-1.510000	-0.210168
-1.500000	-0.209909
-1.490000	-0.209648
-1.480000	-0.209384
-1.470000	-0.209117
-1.460000	-0.208847
-1.450000	-0.208575
-1.440000	-0.208299
-1.430000	-0.208021
-1.420000	-0.207740
-1.410000	-0.207456
-1.400000	-0.207169
-1.390000	-0.206880
-1.380000	-0.206587
-1.370000	-0.206291
-1.360000	-0.205992
-1.350000	-0.205689
-1.340000	-0.205384
-1.330000	-0.205076
-1.320000	-0.204764
-1.310000	-0.204449
-1.300000	-0.204131
-1.290000	-0.203810
-1.280000	-0.203485
-1.270000	-0.203157
-1.260000	-0.202825
-1.250000	-0.202490
-1.240000	-0.202151
-1.230000	-0.201809
-1.220000	-0.201464
-1.210000	-0.201114
-1.200000	-0.200762
-1.190000	-0.200405
-1.180000	-0.200045
-1.170000	-0.199681
-1.160000	-0.199313
-1.150000	-0.198942
-1.140000	-0.198566
-1.130000	-0.198187
-1.120000	-0.197804
-1.110000	-0.197417
-1.100000	-0.197025
-1.090000	-0.196630
-1.080000	-0.196230
-1.070000	-0.195827
-1.060000	-0.195419
-1.050000	-0.195007
-1.040000	-0.194591
-1.030000	-0.194170
-1.020000	-0.193745
-1.010000	-0.193316
-1.000000	-0.192882
-0.990000	-0.192443
-0.980000	-0.192000
-0.970000	-0.191553
-0.960000	-0.191101
-0.950000	-0.190644
-0.940000	-0.190182
-0.930000	-0.189716
-0.920000	-0.189244
-0.910000	-0.188768
-0.900000	-0.188287
-0.890000	-0.187801
-0.880000	-0.187310
-0.870000	-0.186813
-0.860000	-0.186312
-0.850000	-0.185805
-0.840000	-0.185293
-0.830000	-0.184776
-0.820000	-0.184253
-0.810000	-0.183725
-0.800000	-0.183192
-0.790000	-0.182652
-0.780000	-0.182108
-0.770000	-0.181557
-0.760000	-0.181001
-0.750000	-0.180439
-0.740000	-0.179872
-0.730000	-0.179298
-0.720000	-0.178718
-0.710000	-0.178133
-0.700000	-0.177541
-0.690000	-0.176943
-0.680000	-0.176339
-0.670000	-0.175729
-0.660000	-0.175112
-0.650000	-0.174489
-0.640000	-0.173860
-0.630000	-0.173223
-0.620000	-0.172581
-0.610000	-0.171931
-0.600000	-0.171275
-0.590000	-0.170612
-0.580000	-0.169942
-0.570000	-0.169265
-0.560000	-0.168582
-0.550000	-0.167891
-0.540000	-0.167192
-0.530000	-0.166487
-0.520000	-0.165774
-0.510000	-0.165054
-0.500000	-0.164327
-0.490000	-0.163591
-0.480000	-0.162849
-0.470000	-0.162098
-0.460000	-0.161340
-0.450000	-0.160573
-0.440000	-0.159799
-0.430000	-0.159017
-0.420000	-0.158227
-0.410000	-0.157428
-0.400000	-0.156621
-0.390000	-0.155806
-0.380000	-0.154982
-0.370000	-0.154150
-0.360000	-0.153309
-0.350000	-0.152459
-0.340000	-0.151600
-0.330000	-0.150733
-0.320000	-0.149856
-0.310000	-0.148971
-0.300000	-0.148076
-0.290000	-0.147172
-0.280000	-0.146258
-0.270000	-0.145335
-0.260000	-0.144403
-0.250000	-0.143461
-0.240000	-0.142508
-0.230000	-0.141546
-0.220000	-0.140575
-0.210000	-0.139592
-0.200000	-0.138600
-0.190000	-0.137598
-0.180000	-0.136585
-0.170000	-0.135561
-0.160000	-0.134527
-0.150000	-0.133482
-0.140000	-0.132426
-0.130000	-0.131359
-0.120000	-0.130281
-0.110000	-0.129192
-0.100000	-0.128092
-0.090000	-0.126980
-0.080000	-0.125857
-0.070000	-0.124722
-0.060000	-0.123575
-0.050000	-0.122416
-0.040000	-0.121245
-0.030000	-0.120062
-0.020000	-0.118867
-0.010000	-0.117659
0.000000	-0.116439
0.010000	-0.115219
0.020000	-0.114011
0.030000	-0.112815
0.040000	-0.111631
0.050000	-0.110459
0.060000	-0.109299
0.070000	-0.108151
0.080000	-0.107014
0.090000	-0.105889
0.100000	-0.104775
0.110000	-0.103672
0.120000	-0.102580
0.130000	-0.101499
0.140000	-0.100429
0.150000	-0.099370
0.160000	-0.098322
0.170000	-0.097284
0.180000	-0.096256
0.190000	-0.095239
0.200000	-0.094231
0.210000	-0.093234
0.220000	-0.092247
0.230000	-0.091270
0.240000	-0.090302
0.250000	-0.089344
0.260000	-0.088396
0.270000	-0.087457
0.280000	-0.086528
0.290000	-0.085608
0.300000	-0.084696
0.310000	-0.083794
0.320000	-0.082901
0.330000	-0.082017
0.340000	-0.081142
0.350000	-0.080275
0.360000	-0.079417
0.370000	-0.078567
0.380000	-0.077726
0.390000	-0.076893
0.400000	-0.076068
0.410000	-0.075251
0.420000	-0.074443
0.430000	-0.073642
0.440000	-0.072849
0.450000	-0.072064
0.460000	-0.071287
0.470000	-0.070518
0.480000	-0.069755
0.490000	-0.069001
0.500000	-0.068254
0.510000	-0.067514
0.520000	-0.066781
0.530000	-0.066055
0.540000	-0.065337
0.550000	-0.064625
0.560000	-0.063921
0.570000	-0.063223
0.580000	-0.062532
0.590000	-0.061847
0.600000	-0.061170
0.610000	-0.060498
0.620000	-0.059834
0.630000	-0.059175
0.640000	-0.058523
0.650000	-0.057878
0.660000	-0.057238
0.670000	-0.056605
0.680000	-0.055977
0.690000	-0.055356
0.700000	-0.054740
0.710000	-0.054131
0.720000	-0.053527
0.730000	-0.052929
0.740000	-0.052336
0.750000	-0.051749
0.760000	-0.051168
0.770000	-0.050592
0.780000	-0.050022
0.790000	-0.049456
0.800000	-0.048897
0.810000	-0.048342
0.820000	-0.047793
0.830000	-0.047248
0.840000	-0.046709
0.850000	-0.046175
0.860000	-0.045645
0.870000	-0.045121
0.880000	-0.044601
0.890000	-0.044086
0.900000	-0.043576
0.910000	-0.043071
0.920000	-0.042570
0.930000	-0.042074
0.940000	-0.041582
0.950000	-0.041094
0.960000	-0.040611
0.970000	-0.040133
0.980000	-0.039658
0.990000	-0.039188
1.000000	-0.038722
1.010000	-0.038676
1.020000	-0.038630
1.030000	-0.038585
1.040000	-0.038540
1.050000	-0.038496
1.060000	-0.038451
1.070000	-0.038408
1.080000	-0.038364
1.090000	-0.038322
1.100000	-0.038279
1.110000	-0.038237
1.120000	-0.038195
1.130000	-0.038154
1.140000	-0.038113
1.150000	-0.038073
1.160000	-0.038033
1.170000	-0.037993
1.180000	-0.037954
1.190000	-0.037915
1.200000	-0.037877
1.210000	-0.037839
1.220000	-0.037801
1.230000	-0.037764
1.240000	-0.037727
1.250000	-0.037691
1.260000	-0.037655
1.270000	-0.037619
1.280000	-0.037584
1.290000	-0.037549
1.300000	-0.037515
1.310000	-0.037481
1.320000	-0.037447
1.330000	-0.037414
1.340000	-0.037382
1.350000	-0.037349
1.360000	-0.037317
1.370000	-0.037286
1.380000	-0.037254
1.390000	-0.037224
1.400000	-0.037193
1.410000	-0.037163
1.420000	-0.037134
1.430000	-0.037105
1.440000	-0.037076
1.450000	-0.037047
1.460000	-0.037019
1.470000	-0.036992
1.480000	-0.036965
1.490000	-0.036938
1.500000	-0.036911
1.510000	-0.036885
1.520000	-0.036860
1.530000	-0.036835
1.540000	-0.036810
1.550000	-0.036785
1.560000	-0.036761
1.570000	-0.036738
1.580000	-0.036714
1.590000	-0.036691
1.600000	-0.036669
1.610000	-0.036647
1.620000	-0.036625
1.630000	-0.036604
1.640000	-0.036583
1.650000	-0.036562
1.660000	-0.036542
1.670000	-0.036523
1.680000	-0.036503
1.690000	-0.036484
1.700000	-0.036466
1.710000	-0.036448
1.720000	-0.036430
1.730000	-0.036412
1.740000	-0.036395
1.750000	-0.036379
1.760000	-0.036362
1.770000	-0.036347
1.780000	-0.036331
1.790000	-0.036316
1.800000	-0.036301
1.810000	-0.036287
1.820000	-0.036273
1.830000	-0.036260
1.840000	-0.036247
1.850000	-0.036234
1.860000	-0.036222
1.870000	-0.036210
1.880000	-0.036198
1.890000	-0.036187
1.900000	-0.036176
1.910000	-0.036166
1.920000	-0.036156
1.930000	-0.036146
1.940000	-0.036137
1.950000	-0.036128
1.960000	-0.036119
1.970000	-0.036111
1.980000	-0.036104
1.990000	-0.036096
2.000000	-0.036089
2.010000	-0.036083
2.020000	-0.036077
2.030000	-0.036071
2.040000	-0.036065
2.050000	-0.036060
2.060000	-0.036056
2.070000	-0.036052
2.080000	-0.036048
2.090000	-0.036044
2.100000	-0.036041
2.110000	-0.036038
2.120000	-0.036036
2.130000	-0.036034
2.140000	-0.036033
2.150000	-0.036032
2.160000	-0.036031
2.170000	-0.036030
2.180000	-0.036030
2.190000	-0.036031
2.200000	-0.036032
2.210000	-0.036033
2.220000	-0.036034
2.230000	-0.036036
2.240000	-0.036038
2.250000	-0.036041
2.260000	-0.036044
2.270000	-0.036048
2.280000	-0.036052
2.290000	-0.036056
2.300000	-0.036060
2.310000	-0.036065
2.320000	-0.036071
2.330000	-0.036077
2.340000	-0.036083
2.350000	-0.036089
2.360000	-0.036096
2.370000	-0.036104
2.380000	-0.036111
2.390000	-0.036119
2.400000	-0.036128
2.410000	-0.036137
2.420000	-0.036146
2.430000	-0.036156
2.440000	-0.036166
2.450000	-0.036176
2.460000	-0.036187
2.470000	-0.036198
2.480000	-0.036210
2.490000	-0.036222
2.500000	-0.036234
2.510000	-0.036247
2.520000	-0.036260
2.530000	-0.036273
2.540000	-0.036287
2.550000	-0.036302
2.560000	-0.036316
2.570000	-0.036331
2.580000	-0.036347
2.590000	-0.036363
2.600000	-0.036379
2.610000	-0.036396
2.620000	-0.036413
2.630000	-0.036430
2.640000	-0.036448
2.650000	-0.036466
2.660000	-0.036484
2.670000	-0.036503
2.680000	-0.036523
2.690000	-0.036543
2.700000	-0.036563
2.710000	-0.036583
2.720000	-0.036604
2.730000	-0.036625
2.740000	-0.036647
2.750000	-0.036669
2.760000	-0.036692
2.770000	-0.036715
2.780000	-0.036738
2.790000	-0.036761
2.800000	-0.036786
2.810000	-0.036810
2.820000	-0.036835
2.830000	-0.036860
2.840000	-0.036886
2.850000	-0.036912
2.860000	-0.036938
2.870000	-0.036965
2.880000	-0.036992
2.890000	-0.037020
2.900000	-0.037048
2.910000	-0.037076
2.920000	-0.037105
2.930000	-0.037134
2.940000	-0.037164
2.950000	-0.037194
2.960000	-0.037224
2.970000	-0.037255
2.980000	-0.037286
2.990000	-0.037318
3.000000	-0.037349
3.010000	-0.037382
3.020000	-0.037415
3.030000	-0.037448
3.040000	-0.037481
3.050000	-0.037515
3.060000	-0.037550
3.070000	-0.037584
3.080000	-0.037620
3.090000	-0.037655
3.100000	-0.037691
3.110000	-0.037728
3.120000	-0.037764
3.130000	-0.037802
3.140000	-0.037839
3.150000	-0.037877
3.160000	-0.037916
3.170000	-0.037954
3.180000	-0.037994
3.190000	-0.038033
3.200000	-0.038073
3.210000	-0.038114
3.220000	-0.038155
3.230000	-0.038196
3.240000	-0.038237
3.250000	-0.038280
3.260000	-0.038322
3.270000	-0.038365
3.280000	-0.038408
3.290000	-0.038452
3.300000	-0.038496
3.310000	-0.038541
3.320000	-0.038585
3.330000	-0.038631
3.340000	-0.038677
3.350000	-0.038723
3.360000	-0.038769
3.370000	-0.038816
3.380000	-0.038864
3.390000	-0.038912
3.400000	-0.038960
3.410000	-0.039009
3.420000	-0.039058
3.430000	-0.039107
3.440000	-0.039157
3.450000	-0.039207
3.460000	-0.039258
3.470000	-0.039309
3.480000	-0.039361
3.490000	-0.039413
3.500000	-0.039466
3.510000	-0.039518
3.520000	-0.039572
3.530000	-0.039625
3.540000	-0.039680
3.550000	-0.039734
3.560000	-0.039789
3.570000	-0.039844
3.580000	-0.039900
3.590000	-0.039957
3.600000	-0.040013
3.610000	-0.040070
3.620000	-0.040128
3.630000	-0.040186
3.640000	-0.040244
3.650000	-0.040303
3.660000	-0.040362
3.670000	-0.040422
3.680000	-0.040482
3.690000	-0.040543
3.700000	-0.040604
3.710000	-0.040665
3.720000	-0.040727
3.730000	-0.040789
3.740000	-0.040852
3.750000	-0.040915
3.760000	-0.040979
3.770000	-0.041043
3.780000	-0.041108
3.790000	-0.041172
3.800000	-0.041238
3.810000	-0.041304
3.820000	-0.041370
3.830000	-0.041437
3.840000	-0.041504
3.850000	-0.041571
3.860000	-0.041639
3.870000	-0.041708
3.880000	-0.041777
3.890000	-0.041846
3.900000	-0.041916
3.910000	-0.041986
3.920000	-0.042057
3.930000	-0.042128
3.940000	-0.042200
3.950000	-0.042272
3.960000	-0.042344
3.970000	-0.042417
3.980000	-0.042491
3.990000	-0.042564
4.000000	-0.042639
4.010000	-0.042714
4.020000	-0.042789
4.030000	-0.042865
4.040000	-0.042941
4.050000	-0.043017
4.060000	-0.043094
4.070000	-0.043172
4.080000	-0.043250
4.090000	-0.043328
4.100000	-0.043407
4.110000	-0.043487
4.120000	-0.043567
4.130000	-0.043647
4.140000	-0.043728
4.150000	-0.043809
4.160000	-0.043891
4.170000	-0.043973
4.180000	-0.044055
4.190000	-0.044139
4.200000	-0.044222
4.210000	-0.044306
4.220000	-0.044391
4.230000	-0.044476
4.240000	-0.044561
4.250000	-0.044647
4.260000	-0.044734
4.270000	-0.044821
4.280000	-0.044908
4.290000	-0.044996
4.300000	-0.045084
4.310000	-0.045173
4.320000	-0.045263
4.330000	-0.045352
4.340000	-0.045443
4.350000	-0.045533
4.360000	-0.045625
4.370000	-0.045717
4.380000	-0.045809
4.390000	-0.045902
4.400000	-0.045995
4.410000	-0.046089
4.420000	-0.046183
4.430000	-0.046277
4.440000	-0.046373
4.450000	-0.046468
4.460000	-0.046565
4.470000	-0.046661
4.480000	-0.046758
4.490000	-0.046856
4.500000	-0.046954
4.510000	-0.047053
4.520000	-0.047152
4.530000	-0.047252
4.540000	-0.047352
4.550000	-0.047453
4.560000	-0.047554
4.570000	-0.047656
4.580000	-0.047758
4.590000	-0.047861
4.600000	-0.047964
4.610000	-0.048068
4.620000	-0.048172
4.630000	-0.048277
4.640000	-0.048382
4.650000	-0.048488
4.660000	-0.048595
4.670000	-0.048701
4.680000	-0.048809
4.690000	-0.048917
4.700000	-0.049025
4.710000	-0.049134
4.720000	-0.049244
4.730000	-0.049354
4.740000	-0.049464
4.750000	-0.049575
4.760000	-0.049687
4.770000	-0.049799
4.780000	-0.049912
4.790000	-0.050025
4.800000	-0.050139
4.810000	-0.050253
4.820000	-0.050368
4.830000	-0.050483
4.840000	-0.050599
4.850000	-0.050716
4.860000	-0.050832
4.870000	-0.050950
4.880000	-0.051068
4.890000	-0.051187
4.900000	-0.051306
4.910000	-0.051426
4.920000	-0.051546
4.930000	-0.051667
4.940000	-0.051788
4.950000	-0.051910
4.960000	-0.052032
4.970000	-0.052155
4.980000	-0.052279
4.990000	-0.052403
5.000000	-0.052528
5.010000	-0.052653
5.020000	-0.052779
5.030000	-0.052905
5.040000	-0.053032
5.050000	-0.053160
5.060000	-0.053288
5.070000	-0.053417
5.080000	-0.053546
5.090000	-0.053676
5.100000	-0.053806
5.110000	-0.053937
5.120000	-0.054068
5.130000	-0.054201
5.140000	-0.054333
5.150000	-0.054467
5.160000	-0.054600
5.170000	-0.054735
5.180000	-0.054870
5.190000	-0.055005
5.200000	-0.055142
5.210000	-0.055278
5.220000	-0.055416
5.230000	-0.055554
5.240000	-0.055692
5.250000	-0.055832
5.260000	-0.055971
5.270000	-0.056112
5.280000	-0.056253
5.290000	-0.056394
5.300000	-0.056536
5.310000	-0.056679
5.320000	-0.056822
5.330000	-0.056966
5.340000	-0.057111
5.350000	-0.057256
5.360000	-0.057402
5.370000	-0.057548
5.380000	-0.057695
5.390000	-0.057843
5.400000	-0.057991
5.410000	-0.058140
5.420000	-0.058290
5.430000	-0.058440
5.440000	-0.058591
5.450000	-0.058742
5.460000	-0.058894
5.470000	-0.059047
5.480000	-0.059200
5.490000	-0.059354
5.500000	-0.059508
5.510000	-0.059664
5.520000	-0.059819
5.530000	-0.059976
5.540000	-0.060133
5.550000	-0.060291
5.560000	-0.060449
5.570000	-0.060608
5.580000	-0.060768
5.590000	-0.060928
5.600000	-0.061089
5.610000	-0.061251
5.620000	-0.061413
5.630000	-0.061576
5.640000	-0.061740
5.650000	-0.061904
5.660000	-0.062069
5.670000	-0.062235
5.680000	-0.062401
5.690000	-0.062568
5.700000	-0.062735
5.710000	-0.062904
5.720000	-0.063072
5.730000	-0.063242
5.740000	-0.063412
5.750000	-0.063583
5.760000	-0.063755
5.770000	-0.063927
5.780000	-0.064100
5.790000	-0.064274
5.800000	-0.064448
5.810000	-0.064624
5.820000	-0.064799
5.830000	-0.064976
5.840000	-0.065153
5.850000	-0.065331
5.860000	-0.065509
5.870000	-0.065689
5.880000	-0.065868
5.890000	-0.066049
5.900000	-0.066230
5.910000	-0.066413
5.920000	-0.066595
5.930000	-0.066779
5.940000	-0.066963
5.950000	-0.067148
5.960000	-0.067334
5.970000	-0.067520
5.980000	-0.067707
5.990000	-0.067895
6.000000	-0.068083
6.010000	-0.067383
6.020000	-0.066690
6.030000	-0.066004
6.040000	-0.065325
6.050000	-0.064653
6.060000	-0.063988
6.070000	-0.063330
6.080000	-0.062678
6.090000	-0.062033
6.100000	-0.061395
6.110000	-0.060764
6.120000	-0.060138
6.130000	-0.059520
6.140000	-0.058908
6.150000	-0.058302
6.160000	-0.057702
6.170000	-0.057108
6.180000	-0.056521
6.190000	-0.055939
6.200000	-0.055364
6.210000	-0.054794
6.220000	-0.054231
6.230000	-0.053673
6.240000	-0.053121
6.250000	-0.052574
6.260000	-0.052033
6.270000	-0.051498
6.280000	-0.050968
6.290000	-0.050444
6.300000	-0.049925
6.310000	-0.049412
6.320000	-0.048903
6.330000	-0.048400
6.340000	-0.047902
6.350000	-0.047410
6.360000	-0.046922
6.370000	-0.046439
6.380000	-0.045962
6.390000	-0.045489
6.400000	-0.045021
6.410000	-0.044558
6.420000	-0.044099
6.430000	-0.043646
6.440000	-0.043197
6.450000	-0.042752
6.460000	-0.042312
6.470000	-0.041877
6.480000	-0.041446
6.490000	-0.041020
6.500000	-0.040598
6.510000	-0.040180
6.520000	-0.039767
6.530000	-0.039358
6.540000	-0.038953
6.550000	-0.038552
6.560000	-0.038156
6.570000	-0.037763
6.580000	-0.037375
6.590000	-0.036990
6.600000	-0.036610
6.610000	-0.036233
6.620000	-0.035861
6.630000	-0.035492
6.640000	-0.035127
6.650000	-0.034765
6.660000	-0.034408
6.670000	-0.034054
6.680000	-0.033703
6.690000	-0.033357
6.700000	-0.033014
6.710000	-0.032674
6.720000	-0.032338
6.730000	-0.032005
6.740000	-0.031676
6.750000	-0.031350
6.760000	-0.031028
6.770000	-0.030708
6.780000	-0.030392
6.790000	-0.030080
6.800000	-0.029770
6.810000	-0.029464
6.820000	-0.029161
6.830000	-0.028861
6.840000	-0.028564
6.850000	-0.028270
6.860000	-0.027980
6.870000	-0.027692
6.880000	-0.027407
6.890000	-0.027125
6.900000	-0.026846
6.910000	-0.026570
6.920000	-0.026296
6.930000	-0.026026
6.940000	-0.025758
6.950000	-0.025493
6.960000	-0.025231
6.970000	-0.024971
6.980000	-0.024715
6.990000	-0.024460
7.000000	-0.024209
7.010000	-0.023960
7.020000	-0.023713
7.030000	-0.023469
7.040000	-0.023228
7.050000	-0.022989
7.060000	-0.022752
7.070000	-0.022518
7.080000	-0.022287
7.090000	-0.022057
7.100000	-0.021830
7.110000	-0.021606
7.120000	-0.021384
7.130000	-0.021164
7.140000	-0.020946
7.150000	-0.020731
7.160000	-0.020517
7.170000	-0.020306
7.180000	-0.020097
7.190000	-0.019891
7.200000	-0.019686
7.210000	-0.019483
7.220000	-0.019283
7.230000	-0.019085
7.240000	-0.018888
7.250000	-0.018694
7.260000	-0.018502
7.270000	-0.018311
7.280000	-0.018123
7.290000	-0.017937
7.300000	-0.017752
7.310000	-0.017569
7.320000	-0.017389
7.330000	-0.017210
7.340000	-0.017033
7.350000	-0.016858
7.360000	-0.016684
7.370000	-0.016513
7.380000	-0.016343
7.390000	-0.016175
7.400000	-0.016008
7.410000	-0.015844
7.420000	-0.015681
7.430000	-0.015519
7.440000	-0.015360
7.450000	-0.015202
7.460000	-0.015045
7.470000	-0.014890
7.480000	-0.014737
7.490000	-0.014586
7.500000	-0.014436
7.510000	-0.014287
7.520000	-0.014140
7.530000	-0.013995
7.540000	-0.013851
7.550000	-0.013708
7.560000	-0.013567
7.570000	-0.013428
7.580000	-0.013290
7.590000	-0.013153
7.600000	-0.013018
7.610000	-0.012884
7.620000	-0.012751
7.630000	-0.012620
7.640000	-0.012490
7.650000	-0.012362
7.660000	-0.012234
7.670000	-0.012109
7.680000	-0.011984
7.690000	-0.011861
7.700000	-0.011739
7.710000	-0.011618
7.720000	-0.011498
7.730000	-0.011380
7.740000	-0.011263
7.750000	-0.011147
7.760000	-0.011033
7.770000	-0.010919
7.780000	-0.010807
7.790000	-0.010696
7.800000	-0.010586
7.810000	-0.010477
7.820000	-0.010369
7.830000	-0.010262
7.840000	-0.010157
7.850000	-0.010052
7.860000	-0.009949
7.870000	-0.009846
7.880000	-0.009745
7.890000	-0.009645
7.900000	-0.009546
7.910000	-0.009447
7.920000	-0.009350
7.930000	-0.009254
7.940000	-0.009159
7.950000	-0.009065
7.960000	-0.008971
7.970000	-0.008879
7.980000	-0.008788
7.990000	-0.008697
8.000000	-0.008608
8.010000	-0.008519
8.020000	-0.008432
8.030000	-0.008345
8.040000	-0.008259
8.050000	-0.008174
8.060000	-0.008090
8.070000	-0.008007
8.080000	-0.007925
8.090000	-0.007843
8.100000	-0.007762
8.110000	-0.007682
8.120000	-0.007603
8.130000	-0.007525
8.140000	-0.007448
8.150000	-0.007371
8.160000	-0.007295
8.170000	-0.007220
8.180000	-0.007146
8.190000	-0.007073
8.200000	-0.007000
8.210000	-0.006928
8.220000	-0.006857
8.230000	-0.006786
8.240000	-0.006716
8.250000	-0.006647
8.260000	-0.006579
8.270000	-0.006511
8.280000	-0.006444
8.290000	-0.006378
8.300000	-0.006312
8.310000	-0.006247
8.320000	-0.006183
8.330000	-0.006119
8.340000	-0.006056
8.350000	-0.005994
8.360000	-0.005932
8.370000	-0.005871
8.380000	-0.005811
8.390000	-0.005751
8.400000	-0.005692
8.410000	-0.005634
8.420000	-0.005576
8.430000	-0.005518
8.440000	-0.005461
8.450000	-0.005405
8.460000	-0.005350
8.470000	-0.005295
8.480000	-0.005240
8.490000	-0.005186
8.500000	-0.005133
8.510000	-0.005080
8.520000	-0.005028
8.530000	-0.004976
8.540000	-0.004925
8.550000	-0.004874
8.560000	-0.004824
8.570000	-0.004775
8.580000	-0.004725
8.590000	-0.004677
8.600000	-0.004629
8.610000	-0.004581
8.620000	-0.004534
8.630000	-0.004487
8.640000	-0.004441
8.650000	-0.004395
8.660000	-0.004350
8.670000	-0.004305
8.680000	-0.004261
8.690000	-0.004217
8.700000	-0.004174
8.710000	-0.004131
8.720000	-0.004089
8.730000	-0.004046
8.740000	-0.004005
8.750000	-0.003964
8.760000	-0.003923
8.770000	-0.003883
8.780000	-0.003843
8.790000	-0.003803
8.800000	-0.003764
8.810000	-0.003725
8.820000	-0.003687
8.830000	-0.003649
8.840000	-0.003611
8.850000	-0.003574
8.860000	-0.003538
8.870000	-0.003501
8.880000	-0.003465
8.890000	-0.003429
8.900000	-0.003394
8.910000	-0.003359
8.920000	-0.003325
8.930000	-0.003291
8.940000	-0.003257
8.950000	-0.003223
8.960000	-0.003190
8.970000	-0.003157
8.980000	-0.003125
8.990000	-0.003093
9.000000	-0.003061
9.010000	-0.003029
9.020000	-0.002998
9.030000	-0.002967
9.040000	-0.002937
9.050000	-0.002907
9.060000	-0.002877
9.070000	-0.002847
9.080000	-0.002818
9.090000	-0.002789
9.100000	-0.002760
9.110000	-0.002732
9.120000	-0.002704
9.130000	-0.002676
9.140000	-0.002648
9.150000	-0.002621
9.160000	-0.002594
9.170000	-0.002567
9.180000	-0.002541
9.190000	-0.002515
9.200000	-0.002489
9.210000	-0.002463
9.220000	-0.002438
9.230000	-0.002413
9.240000	-0.002388
9.250000	-0.002364
9.260000	-0.002339
9.270000	-0.002315
9.280000	-0.002291
9.290000	-0.002268
9.300000	-0.002244
9.310000	-0.002221
9.320000	-0.002199
9.330000	-0.002176
9.340000	-0.002154
9.350000	-0.002131
9.360000	-0.002109
9.370000	-0.002088
9.380000	-0.002066
9.390000	-0.002045
9.400000	-0.002024
9.410000	-0.002003
9.420000	-0.001983
9.430000	-0.001962
9.440000	-0.001942
9.450000	-0.001922
9.460000	-0.001902
9.470000	-0.001883
9.480000	-0.001863
9.490000	-0.001844
9.500000	-0.001825
9.510000	-0.001806
9.520000	-0.001788
9.530000	-0.001769
9.540000	-0.001751
9.550000	-0.001733
9.560000	-0.001715
9.570000	-0.001698
9.580000	-0.001680
9.590000	-0.001663
9.600000	-0.001646
9.610000	-0.001629
9.620000	-0.001612
9.630000	-0.001596
9.640000	-0.001579
9.650000	-0.001563
9.660000	-0.001547
9.670000	-0.001531
9.680000	-0.001515
9.690000	-0.001500
9.700000	-0.001484
9.710000	-0.001469
9.720000	-0.001454
9.730000	-0.001439
9.740000	-0.001424
9.750000	-0.001409
9.760000	-0.001395
9.770000	-0.001381
9.780000	-0.001366
9.790000	-0.001352
9.800000	-0.001338
9.810000	-0.001325
9.820000	-0.001311
9.830000	-0.001297
9.840000	-0.001284
9.850000	-0.001271
9.860000	-0.001258
9.870000	-0.001245
9.880000	-0.001232
9.890000	-0.001219
9.900000	-0.001207
9.910000	-0.001194
9.920000	-0.001182
9.930000	-0.001170
9.940000	-0.001158
9.950000	-0.001146
9.960000	-0.001134
9.970000	-0.001123
9.980000	-0.001111
9.990000	-0.001100
10.000000	-0.001088
10.010000	-0.001077
10.020000	-0.001066
10.030000	-0.001055
10.040000	-0.001044
10.050000	-0.001033
10.060000	-0.001023
10.070000	-0.001012
10.080000	-0.001002
10.090000	-0.000992
10.100000	-0.000981
10.110000	-0.000971
10.120000	-0.000961
10.130000	-0.000951
10.140000	-0.000942
10.150000	-0.000932
10.160000	-0.000922
10.170000	-0.000913
10.180000	-0.000903
10.190000	-0.000894
10.200000	-0.000885
10.210000	-0.000876
10.220000	-0.000867
10.230000	-0.000858
10.240000	-0.000849
10.250000	-0.000840
10.260000	-0.000832
10.270000	-0.000823
10.280000	-0.000815
10.290000	-0.000806
10.300000	-0.000798
10.310000	-0.000790
10.320000	-0.000782
10.330000	-0.000774
10.340000	-0.000766
10.350000	-0.000758
10.360000	-0.000750
10.370000	-0.000742
10.380000	-0.000735
10.390000	-0.000727
10.400000	-0.000720
10.410000	-0.000712
10.420000	-0.000705
10.430000	-0.000698
10.440000	-0.000691
10.450000	-0.000683
10.460000	-0.000676
10.470000	-0.000669
10.480000	-0.000663
10.490000	-0.000656
10.500000	-0.000649
10.510000	-0.000642
10.520000	-0.000636
10.530000	-0.000629
10.540000	-0.000623
10.550000	-0.000616
10.560000	-0.000610
10.570000	-0.000604
10.580000	-0.000597
10.590000	-0.000591
10.600000	-0.000585
10.610000	-0.000579
10.620000	-0.000573
10.630000	-0.000567
10.640000	-0.000562
10.650000	-0.000556
10.660000	-0.000550
10.670000	-0.000544
10.680000	-0.000539
10.690000	-0.000533
10.700000	-0.000528
10.710000	-0.000522
10.720000	-0.000517
10.730000	-0.000512
10.740000	-0.000506
10.750000	-0.000501
10.760000	-0.000496
10.770000	-0.000491
10.780000	-0.000486
10.790000	-0.000481
10.800000	-0.000476
10.810000	-0.000471
10.820000	-0.000466
10.830000	-0.000461
10.840000	-0.000457
10.850000	-0.000452
10.860000	-0.000447
10.870000	-0.000443
10.880000	-0.000438
10.890000	-0.000434
10.900000	-0.000429
10.910000	-0.000425
10.920000	-0.000420
10.930000	-0.000416
10.940000	-0.000412
10.950000	-0.000408
10.960000	-0.000403
10.970000	-0.000399
10.980000	-0.000395
10.990000	-0.000391
11.000000	-0.000387
11.010000	-0.000383
11.020000	-0.000379
11.030000	-0.000375
11.040000	-0.000371
11.050000	-0.000367
11.060000	-0.000364
11.070000	-0.000360
11.080000	-0.000356
11.090000	-0.000353
11.100000	-0.000349
11.110000	-0.000345
11.120000	-0.000342
11.130000	-0.000338
11.140000	-0.000335
11.150000	-0.000331
11.160000	-0.000328
11.170000	-0.000325
11.180000	-0.000321
11.190000	-0.000318
11.200000	-0.000315
11.210000	-0.000311
11.220000	-0.000308
11.230000	-0.000305
11.240000	-0.000302
11.250000	-0.000299
11.260000	-0.000296
11.270000	-0.000293
11.280000	-0.000290
11.290000	-0.000287
11.300000	-0.000284
11.310000	-0.000281
11.320000	-0.000278
11.330000	-0.000275
11.340000	-0.000272
11.350000	-0.000269
11.360000	-0.000267
11.370000	-0.000264
11.380000	-0.000261
11.390000	-0.000259
11.400000	-0.000256
11.410000	-0.000253
11.420000	-0.000251
11.430000	-0.000248
11.440000	-0.000246
11.450000	-0.000243
11.460000	-0.000241
11.470000	-0.000238
11.480000	-0.000236
11.490000	-0.000233
11.500000	-0.000231
11.510000	-0.000228
11.520000	-0.000226
11.530000	-0.000224
11.540000	-0.000221
11.550000	-0.000219
11.560000	-0.000217
11.570000	-0.000215
11.580000	-0.000212
11.590000	-0.000210
11.600000	-0.000208
11.610000	-0.000206
11.620000	-0.000204
11.630000	-0.000202
11.640000	-0.000200
11.650000	-0.000198
11.660000	-0.000196
11.670000	-0.000194
11.680000	-0.000192
11.690000	-0.000190
11.700000	-0.000188
11.710000	-0.000186
11.720000	-0.000184
11.730000	-0.000182
11.740000	-0.000180
11.750000	-0.000178
11.760000	-0.000176
11.770000	-0.000175
11.780000	-0.000173
11.790000	-0.000171
11.800000	-0.000169
11.810000	-0.000167
11.820000	-0.000166
11.830000	-0.000164
11.840000	-0.000162
11.850000	-0.000161
11.860000	-0.000159
11.870000	-0.000157
11.880000	-0.000156
11.890000	-0.000154
11.900000	-0.000153
11.910000	-0.000151
11.920000	-0.000149
11.930000	-0.000148
11.940000	-0.000146
11.950000	-0.000145
11.960000	-0.000143
11.970000	-0.000142
11.980000	-0.000140
11.990000	-0.000139
12.000000	-0.000138
12.010000	-0.000136
12.020000	-0.000135
12.030000	-0.000133
12.040000	-0.000132
12.050000	-0.000131
12.060000	-0.000129
12.070000	-0.000128
12.080000	-0.000127
12.090000	-0.000125
12.100000	-0.000124
12.110000	-0.000123
12.120000	-0.000122
12.130000	-0.000120
12.140000	-0.000119
12.150000	-0.000118
12.160000	-0.000117
12.170000	-0.000115
12.180000	-0.000114
12.190000	-0.000113
12.200000	-0.000112
12.210000	-0.000111
12.220000	-0.000110
12.230000	-0.000108
12.240000	-0.000107
12.250000	-0.000106
12.260000	-0.000105
12.270000	-0.000104
12.280000	-0.000103
12.290000	-0.000102
12.300000	-0.000101
12.310000	-0.000100
12.320000	-0.000099
12.330000	-0.000098
12.340000	-0.000097
12.350000	-0.000096
12.360000	-0.000095
12.370000	-0.000094
12.380000	-0.000093
12.390000	-0.000092
12.400000	-0.000091
12.410000	-0.000090
12.420000	-0.000089
12.430000	-0.000088
12.440000	-0.000087
12.450000	-0.000086
12.460000	-0.000086
12.470000	-0.000085
12.480000	-0.000084
12.490000	-0.000083
12.500000	-0.000082
12.510000	-0.000081
12.520000	-0.000080
12.530000	-0.000080
12.540000	-0.000079
12.550000	-0.000078
12.560000	-0.000077
12.570000	-0.000076
12.580000	-0.000076
12.590000	-0.000075
12.600000	-0.000074
12.610000	-0.000073
12.620000	-0.000072
12.630000	-0.000072
12.640000	-0.000071
12.650000	-0.000070
12.660000	-0.000070
12.670000	-0.000069
12.680000	-0.000068
12.690000	-0.000067
12.700000	-0.000067
12.710000	-0.000066
12.720000	-0.000065
12.730000	-0.000065
12.740000	-0.000064
12.750000	-0.000063
12.760000	-0.000063
12.770000	-0.000062
12.780000	-0.000061
12.790000	-0.000061
12.800000	-0.000060
12.810000	-0.000060
12.820000	-0.000059
12.830000	-0.000058
12.840000	-0.000058
12.850000	-0.000057
12.860000	-0.000057
12.870000	-0.000056
12.880000	-0.000055
12.890000	-0.000055
12.900000	-0.000054
12.910000	-0.000054
12.920000	-0.000053
12.930000	-0.000053
12.940000	-0.000052
12.950000	-0.000052
12.960000	-0.000051
12.970000	-0.000050
12.980000	-0.000050
12.990000	-0.000049
13.000000	-0.000049
13.010000	-0.000048
13.020000	-0.000048
13.030000	-0.000047
13.040000	-0.000047
13.050000	-0.000046
13.060000	-0.000046
13.070000	-0.000046
13.080000	-0.000045
13.090000	-0.000045
13.100000	-0.000044
13.110000	-0.000044
13.120000	-0.000043
13.130000	-0.000043
13.140000	-0.000042
13.150000	-0.000042
13.160000	-0.000041
13.170000	-0.000041
13.180000	-0.000041
13.190000	-0.000040
13.200000	-0.000040
13.210000	-0.000039
13.220000	-0.000039
13.230000	-0.000039
13.240000	-0.000038
13.250000	-0.000038
13.260000	-0.000037
13.270000	-0.000037
13.280000	-0.000037
13.290000	-0.000036
13.300000	-0.000036
13.310000	-0.000036
13.320000	-0.000035
13.330000	-0.000035
13.340000	-0.000034
13.350000	-0.000034
13.360000	-0.000034
13.370000	-0.000033
13.380000	-0.000033
13.390000	-0.000033
13.400000	-0.000032
13.410000	-0.000032
13.420000	-0.000032
13.430000	-0.000031
13.440000	-0.000031
13.450000	-0.000031
13.460000	-0.000030
13.470000	-0.000030
13.480000	-0.000030
13.490000	-0.000029
13.500000	-0.000029
13.510000	-0.000029
13.520000	-0.000029
13.530000	-0.000028
13.540000	-0.000028
13.550000	-0.000028
13.560000	-0.000027
13.570000	-0.000027
13.580000	-0.000027
13.590000	-0.000027
13.600000	-0.000026
13.610000	-0.000026
13.620000	-0.000026
13.630000	-0.000026
13.640000	-0.000025
13.650000	-0.000025
13.660000	-0.000025
13.670000	-0.000024
13.680000	-0.000024
13.690000	-0.000024
13.700000	-0.000024
13.710000	-0.000023
13.720000	-0.000023
13.730000	-0.000023
13.740000	-0.000023
13.750000	-0.000023
13.760000	-0.000022
13.770000	-0.000022
13.780000	-0.000022
13.790000	-0.000022
13.800000	-0.000021
13.810000	-0.000021
13.820000	-0.000021
13.830000	-0.000021
13.840000	-0.000021
13.850000	-0.000020
13.860000	-0.000020
13.870000	-0.000020
13.880000	-0.000020
13.890000	-0.000019
13.900000	-0.000019
13.910000	-0.000019
13.920000	-0.000019
13.930000	-0.000019
13.940000	-0.000019
13.950000	-0.000018
13.960000	-0.000018
13.970000	-0.000018
13.980000	-0.000018
13.990000	-0.000018
14.000000	-0.000017
14.010000	-0.000017
14.020000	-0.000017
14.030000	-0.000017
14.040000	-0.000017
14.050000	-0.000017
14.060000	-0.000016
14.070000	-0.000016
14.080000	-0.000016
14.090000	-0.000016
14.100000	-0.000016
14.110000	-0.000016
14.120000	-0.000015
14.130000	-0.000015
14.140000	-0.000015
14.150000	-0.000015
14.160000	-0.000015
14.170000	-0.000015
14.180000	-0.000014
14.190000	-0.000014
14.200000	-0.000014
14.210000	-0.000014
14.220000	-0.000014
14.230000	-0.000014
14.240000	-0.000014
14.250000	-0.000013
14.260000	-0.000013
14.270000	-0.000013
14.280000	-0.000013
14.290000	-0.000013
14.300000	-0.000013
14.310000	-0.000013
14.320000	-0.000012
14.330000	-0.000012
14.340000	-0.000012
14.350000	-0.000012
14.360000	-0.000012
14.370000	-0.000012
14.380000	-0.000012
14.390000	-0.000012
14.400000	-0.000012
14.410000	-0.000011
14.420000	-0.000011
14.430000	-0.000011
14.440000	-0.000011
14.450000	-0.000011
14.460000	-0.000011
14.470000	-0.000011
14.480000	-0.000011
14.490000	-0.000010
14.500000	-0.000010
14.510000	-0.000010
14.520000	-0.000010
14.530000	-0.000010
14.540000	-0.000010
14.550000	-0.000010
14.560000	-0.000010
14.570000	-0.000010
14.580000	-0.000010
14.590000	-0.000009
14.600000	-0.000009
14.610000	-0.000009
14.620000	-0.000009
14.630000	-0.000009
14.640000	-0.000009
14.650000	-0.000009
14.660000	-0.000009
14.670000	-0.000009
14.680000	-0.000009
14.690000	-0.000009
14.700000	-0.000008
14.710000	-0.000008
14.720000	-0.000008
14.730000	-0.000008
14.740000	-0.000008
14.750000	-0.000008
14.760000	-0.000008
14.770000	-0.000008
14.780000	-0.000008
14.790000	-0.000008
14.800000	-0.000008
14.810000	-0.000008
14.820000	-0.000007
14.830000	-0.000007
14.840000	-0.000007
14.850000	-0.000007
14.860000	-0.000007
14.870000	-0.000007
14.880000	-0.000007
14.890000	-0.000007
14.900000	-0.000007
14.910000	-0.000007
14.920000	-0.000007
14.930000	-0.000007
14.940000	-0.000007
14.950000	-0.000007
14.960000	-0.000006
14.970000	-0.000006
14.980000	-0.000006
14.990000	-0.000006
15.000000	-0.000006
